# tblastn
# Iteration: 0
# Query: ParC
# RID: 6YUFWA5501R
# Database: ref_prok_rep_genomes
# Fields: query acc.ver, subject acc.ver, % identity, alignment length, mismatches, gap opens, q. start, q. end, s. start, s. end, evalue, bit score, % positives, query/sbjct frames
# 426 hits found
ParC	NZ_JXCA02000018.1	35.573	253	144	5	7	256	14794	14084	2.16e-31	128	52.57	0/-1
ParC	NZ_LSYZ01000185.1	34.375	256	146	4	7	256	9414	10133	2.27e-30	125	48.05	0/3
ParC	NZ_CP042330.1	33.597	253	154	4	7	257	13589	12867	4.37e-30	124	49.80	0/-3
ParC	NZ_JXCA02000011.1	31.405	242	150	5	6	245	42307	41624	1.56e-28	119	51.24	0/-2
ParC	NZ_BJCE01000159.1	34.034	238	141	5	10	245	9061	9732	2.04e-28	119	52.52	0/1
ParC	NZ_AP018239.1	31.837	245	143	5	7	245	73964	73284	3.54e-28	119	51.43	0/-1
ParC	NZ_JACJQU010000010.1	33.613	238	142	5	10	245	49440	50111	6.27e-28	118	52.52	0/3
ParC	NZ_JACJPX010000034.1	31.429	245	144	5	7	245	66738	66058	1.17e-27	117	51.43	0/-2
ParC	NC_019773.1	35.156	256	151	5	2	256	71	796	1.48e-27	117	51.17	0/2
ParC	NC_019773.1	25.946	185	111	4	2	180	105111	105605	7.09e-08	58.2	43.78	0/3
ParC	NZ_JACJTD010000048.1	33.878	245	134	7	7	243	36409	35735	3.86e-27	115	52.24	0/-2
ParC	NZ_JACJSF010000169.1	32.099	243	140	4	7	243	2709	2038	7.35e-27	115	48.97	0/-3
ParC	NZ_JACJTD010000050.1	32.099	243	147	6	7	245	24698	24012	1.80e-26	114	50.21	0/-2
ParC	NZ_AP018244.1	35.714	238	138	5	7	243	22213	21542	4.13e-26	112	51.68	0/-3
ParC	NZ_JACJTU010000074.1	31.687	243	148	6	7	245	13586	14272	5.43e-26	112	50.21	0/2
ParC	NZ_CM007612.1	30.233	258	164	7	2	257	73173	72442	6.49e-26	112	53.10	0/-2
ParC	NC_019764.1	31.687	243	146	6	7	245	65528	66208	6.74e-26	112	51.44	0/2
ParC	NZ_JACJRG010000091.1	31.687	243	148	6	7	245	1792	1106	6.99e-26	112	50.21	0/-2
ParC	NZ_VLKB01000009.1	32.653	245	147	6	7	247	1296080	1295388	7.48e-26	112	50.61	0/-2
ParC	NZ_VLKB01000009.1	27.126	247	147	8	7	239	1393139	1393822	9.84e-10	63.9	41.70	0/2
ParC	NZ_CP024793.1	31.746	252	141	7	2	243	299790	299098	7.62e-26	112	49.21	0/-2
ParC	NZ_CP024793.1	30.204	245	156	6	7	245	680461	681168	5.53e-14	77.0	42.45	0/1
ParC	NZ_CP024793.1	28.977	176	103	5	13	184	600986	600513	8.75e-12	70.5	46.59	0/-3
ParC	NZ_CP024793.1	28.736	174	106	4	13	184	476107	476580	1.17e-11	70.1	45.98	0/1
ParC	NZ_LR734999.1	34.298	242	135	6	4	239	2036	2707	8.36e-26	111	49.59	0/2
ParC	NZ_LR735021.1	34.298	242	135	6	4	239	113918	113247	1.00e-25	111	49.59	0/-1
ParC	NZ_AP018214.1	32.245	245	138	7	7	243	24500	25174	1.10e-25	111	51.84	0/2
ParC	NZ_JACJTU010000052.1	32.245	245	138	7	7	243	4392	5066	1.12e-25	111	51.84	0/3
ParC	NZ_JACJQU010000037.1	30.040	253	163	4	7	257	17992	17270	1.27e-25	111	50.59	0/-3
ParC	NZ_JACJTD010000079.1	31.225	253	160	4	7	257	11340	10618	1.80e-25	110	50.59	0/-2
ParC	NZ_JACJRG010000053.1	30.544	239	151	5	7	243	25737	25060	2.55e-25	110	49.79	0/-3
ParC	NZ_JACJTD010000119.1	31.707	246	149	6	2	243	4822	5514	2.56e-25	110	49.19	0/1
ParC	NZ_JACJRG010000036.1	32.353	238	141	6	10	243	2368	3033	2.78e-25	110	51.26	0/1
ParC	NZ_JACJQG010000034.1	30.508	236	149	4	10	243	1868	1200	3.53e-25	110	47.46	0/-3
ParC	NZ_MRCE01000017.1	30.864	243	142	6	10	245	88866	89537	4.52e-25	109	50.62	0/3
ParC	NC_019744.1	31.120	241	148	6	7	243	13188	13868	7.90e-25	108	51.04	0/3
ParC	NZ_LR214373.1	31.200	250	158	4	7	254	2233	2946	7.95e-25	108	48.00	0/1
ParC	NZ_JACJQL010000048.1	35.714	238	138	5	7	243	9523	8852	8.59e-25	108	52.10	0/-3
ParC	NZ_BDUD01000005.1	33.466	251	152	5	7	256	2517	1807	1.22e-24	108	51.00	0/-3
ParC	NZ_AP018315.1	32.099	243	143	7	7	243	186652	187332	1.53e-24	108	51.85	0/1
ParC	NZ_JAATWA010000002.1	30.469	256	164	4	4	257	24993	25724	2.52e-24	107	48.44	0/3
ParC	NZ_JAATWA010000002.1	26.295	251	153	8	8	245	213377	212682	2.51e-08	59.7	42.63	0/-1
ParC	NZ_JAAVJL010000007.1	30.469	256	164	4	4	257	26998	27729	2.72e-24	107	48.44	0/1
ParC	NZ_LAHB01000049.1	31.276	243	149	6	7	245	20354	19668	3.94e-24	107	49.38	0/-2
ParC	NC_019727.1	31.950	241	145	6	7	243	5220	5897	4.59e-24	106	48.55	0/3
ParC	NZ_JACJRG010000047.1	30.435	253	162	4	7	257	26967	27689	4.82e-24	106	50.59	0/3
ParC	NZ_JACJRG010000047.1	58.974	39	16	0	7	45	34962	34846	3.15e-05	50.1	69.23	0/-2
ParC	NZ_JACJQL010000062.1	30.435	253	162	4	7	257	519	1241	6.08e-24	106	50.59	0/3
ParC	NZ_JACJQL010000062.1	31.100	209	129	4	7	213	10532	11119	5.83e-20	94.7	47.85	0/2
ParC	NZ_CP017675.1	31.061	264	155	5	1	257	1773820	1773089	6.50e-24	106	46.21	0/-1
ParC	NZ_AP018211.1	31.780	236	146	4	10	243	138329	138997	7.12e-24	106	48.73	0/2
ParC	NC_019750.1	31.707	246	142	6	7	245	14833	15513	7.27e-24	106	48.78	0/1
ParC	NZ_NKFP01000005.1	30.645	248	150	5	7	249	48410	47718	7.55e-24	106	50.40	0/-1
ParC	NZ_CP047245.1	30.126	239	152	5	7	243	20294	20971	8.46e-24	105	48.95	0/2
ParC	NZ_AP018235.1	31.780	236	146	4	10	243	184091	183423	9.26e-24	105	49.15	0/-3
ParC	NZ_LSYZ01000394.1	31.179	263	159	5	1	256	7426	6683	1.15e-23	105	46.77	0/-2
ParC	NC_019728.1	32.627	236	143	5	7	239	19888	19220	1.43e-23	105	48.73	0/-1
ParC	NZ_LSYZ01000117.1	35.678	199	113	4	6	201	8471	9031	1.78e-23	105	49.25	0/2
ParC	NZ_NTFS01000187.1	31.600	250	141	5	7	239	6784	7494	2.32e-23	104	46.40	0/1
ParC	NZ_JACJQN010000004.1	30.400	250	149	5	7	245	109459	110166	2.54e-23	104	46.00	0/1
ParC	NZ_CM002804.1	29.876	241	143	6	10	243	113762	113097	3.94e-23	103	49.79	0/-3
ParC	NZ_AP018228.1	30.453	243	151	6	7	245	85038	85724	4.26e-23	103	49.38	0/3
ParC	NZ_AP018228.1	31.799	239	148	4	7	243	119844	119167	6.96e-22	100	45.61	0/-3
ParC	NZ_AP018230.1	30.864	243	150	6	7	245	42415	43101	4.36e-23	103	49.79	0/1
ParC	NZ_JAATWA010000003.1	30.380	237	145	5	7	239	252468	253130	4.56e-23	103	46.41	0/3
ParC	NZ_LR734992.1	29.876	241	143	6	10	243	144199	143534	4.86e-23	103	49.79	0/-3
ParC	NZ_MRCE01000067.1	30.833	240	146	6	10	245	19686	20357	5.00e-23	103	49.58	0/3
ParC	NZ_KQ976355.1	28.063	253	175	4	7	257	284500	283757	5.60e-23	103	49.01	0/-1
ParC	NZ_AP018241.1	31.224	237	146	5	10	243	26471	25803	5.91e-23	103	46.84	0/-3
ParC	NC_020157.1	30.165	242	149	7	7	243	103920	103240	6.57e-23	103	50.83	0/-2
ParC	NZ_JACJTU010000062.1	31.224	237	146	5	10	243	34344	35012	6.66e-23	103	46.84	0/3
ParC	NZ_PVWK01000016.1	32.932	249	138	8	7	245	29176	29865	6.70e-23	103	49.40	0/1
ParC	NZ_AP018229.1	30.041	243	152	6	7	245	100468	101154	7.34e-23	103	48.56	0/1
ParC	NZ_AP018229.1	27.559	254	158	7	8	257	90061	89366	1.89e-12	72.4	42.91	0/-2
ParC	NZ_JTHE02000003.1	31.513	238	148	3	7	243	2438692	2438021	1.61e-22	102	48.74	0/-2
ParC	NZ_JTHE02000003.1	27.451	153	96	2	12	162	3940211	3940630	7.29e-07	55.1	43.14	0/2
ParC	NZ_JTHE02000003.1	27.586	58	42	0	129	186	3967874	3967701	6.76e-05	48.9	62.07	0/-1
ParC	NC_019753.1	28.862	246	157	6	7	249	469878	470570	2.16e-22	102	50.81	0/3
ParC	NC_019753.1	27.485	171	110	4	7	170	2479020	2479511	3.15e-06	53.1	48.54	0/3
ParC	NC_019753.1	53.488	43	19	1	8	50	3545905	3545780	9.37e-05	48.5	76.74	0/-1
ParC	NZ_AADV02000169.1	32.271	251	142	7	7	249	7681	8373	2.26e-22	101	48.21	0/1
ParC	NZ_PXOH01000064.1	29.339	242	152	5	7	245	1533	2210	2.36e-22	101	49.59	0/3
ParC	NC_019763.1	30.041	243	148	7	10	247	22816	22139	2.91e-22	101	49.79	0/-2
ParC	NC_019763.1	31.008	129	82	3	131	256	99756	99382	1.07e-06	54.7	45.74	0/-3
ParC	NZ_KB235908.1	29.388	245	147	6	10	247	22649	23326	4.69e-22	100	49.80	0/2
ParC	NZ_PXOH01000057.1	32.787	244	142	9	7	243	6491	7177	6.98e-22	100	52.05	0/2
ParC	NZ_CP047246.1	31.174	247	144	6	6	245	20974	21657	7.55e-22	100	49.39	0/1
ParC	NZ_JACJTD010000099.1	34.419	215	109	6	7	209	15284	14700	9.40e-22	100	49.30	0/-2
ParC	NZ_JACJPX010000112.1	32.365	241	147	5	7	245	8110	8790	1.16e-21	99.8	48.55	0/1
ParC	NZ_AP018212.1	32.365	241	147	5	7	245	48440	47760	1.18e-21	99.8	48.55	0/-3
ParC	NZ_JACJSF010000163.1	34.419	215	109	6	7	209	876	1460	1.20e-21	99.8	49.30	0/3
ParC	NZ_BDUD01000002.1	30.612	245	147	6	10	245	321950	321258	1.33e-21	99.8	49.39	0/-2
ParC	NZ_BDUD01000002.1	28.279	244	162	5	7	245	46777	46070	4.83e-12	71.2	41.39	0/-3
ParC	NC_010631.1	30.612	245	147	6	10	245	21915	22607	1.94e-21	99.0	49.39	0/3
ParC	NZ_JACJTD010000120.1	31.950	241	148	5	7	245	5975	5295	2.17e-21	99.0	48.55	0/-2
ParC	NZ_AP018231.1	32.365	241	147	5	7	245	47083	47763	2.32e-21	99.0	48.55	0/1
ParC	NZ_VLKB01000004.1	31.950	241	148	5	7	245	78327	79007	2.40e-21	99.0	48.96	0/3
ParC	NZ_VLKB01000004.1	25.882	255	176	5	7	256	23845	24585	1.80e-11	69.3	41.18	0/1
ParC	NZ_JACJRQ010000043.1	33.471	242	143	7	7	245	40487	41167	2.99e-21	98.6	51.65	0/2
ParC	NZ_JH976537.1	30.800	250	148	6	7	245	3665522	3664815	4.15e-21	98.2	45.60	0/-1
ParC	NZ_JH976537.1	42.593	54	31	0	13	66	74543	74382	6.02e-05	49.3	66.67	0/-1
ParC	NZ_JTJD02000066.1	28.395	243	154	6	7	245	15991	15311	4.31e-21	98.2	49.38	0/-3
ParC	NZ_KQ976356.1	30.705	241	151	6	7	243	88084	88770	5.98e-21	97.8	46.89	0/1
ParC	NZ_LAHB01000070.1	30.894	246	144	6	7	245	38714	38034	8.50e-21	97.1	48.78	0/-2
ParC	NZ_LMTZ01000137.1	30.672	238	146	6	10	243	40362	39694	8.55e-21	97.1	48.32	0/-2
ParC	NZ_JACJTU010000041.1	32.787	244	142	6	7	245	4941	5621	9.39e-21	97.1	47.95	0/3
ParC	NC_014503.1	30.453	243	149	6	7	245	29916	29236	1.02e-20	97.1	49.38	0/-1
ParC	NZ_JACJQL010000071.1	30.488	246	145	6	7	245	2255	1575	1.07e-20	97.1	49.19	0/-3
ParC	NZ_CP031943.1	31.535	241	149	5	7	245	1478	798	1.16e-20	96.7	48.55	0/-1
ParC	NZ_JACJTU010000055.1	30.894	246	144	6	7	245	11235	10555	1.92e-20	96.3	48.78	0/-3
ParC	NC_011730.1	28.512	242	154	4	7	245	13873	13196	2.15e-20	95.9	44.63	0/-1
ParC	NZ_CP054693.1	31.120	241	150	5	7	245	36648	35968	2.30e-20	95.9	48.55	0/-2
ParC	NC_019757.1	29.339	242	154	6	7	245	5885490	5886173	2.89e-20	95.5	50.00	0/3
ParC	NZ_JACJRG010000082.1	29.323	266	157	6	2	257	2035	1301	3.73e-20	95.1	44.36	0/-1
ParC	NC_019752.1	31.120	241	150	5	7	245	33591	34271	4.74e-20	95.1	47.72	0/3
ParC	NZ_JTCM02000135.1	27.386	241	159	5	7	243	221	907	5.30e-20	94.7	45.23	0/2
ParC	NZ_LR214378.1	27.083	240	156	4	7	243	2651	1980	5.76e-20	94.7	45.00	0/-2
ParC	NZ_JACJRQ010000068.1	31.535	241	149	5	7	245	13542	14222	6.27e-20	94.7	48.13	0/3
ParC	NZ_CP024791.1	31.120	241	150	5	7	245	213438	214118	6.33e-20	94.7	48.13	0/3
ParC	NZ_CP024791.1	28.736	174	106	4	13	184	171187	171660	1.18e-11	70.1	45.98	0/1
ParC	NZ_AP018240.1	30.328	244	142	6	10	245	28010	28681	6.89e-20	94.4	45.49	0/2
ParC	NZ_JACJTU010000096.1	31.799	239	147	4	7	243	10781	10107	7.30e-20	94.4	47.28	0/-3
ParC	NZ_JACJRQ010000063.1	27.572	243	156	5	7	245	30639	31319	7.60e-20	94.4	46.09	0/3
ParC	NZ_CP024786.1	31.120	241	150	5	7	245	26434	27114	7.62e-20	94.4	48.13	0/1
ParC	NZ_JACJTU010000081.1	31.950	241	148	5	7	245	18056	18736	7.72e-20	94.4	47.72	0/2
ParC	NZ_CP024785.1	27.572	243	156	5	7	245	7206438	7205758	8.41e-20	94.4	46.50	0/-2
ParC	NZ_CP024785.1	27.160	243	157	5	7	245	39750	39070	4.48e-19	92.0	45.68	0/-2
ParC	NZ_CP024785.1	28.279	244	162	5	7	245	7323239	7323946	7.99e-12	70.5	41.39	0/2
ParC	NZ_CP024785.1	30.481	187	116	4	7	186	149290	148751	1.30e-10	66.6	49.20	0/-1
ParC	NZ_CP024785.1	50.000	54	26	1	7	60	830259	830417	3.61e-05	50.1	62.96	0/3
ParC	NZ_JACJSF010000075.1	30.705	241	151	4	7	245	11651	12331	8.74e-20	94.4	46.89	0/2
ParC	NC_011737.1	31.667	240	140	7	10	243	149103	148438	1.14e-19	94.0	48.75	0/-3
ParC	NC_011737.1	29.143	175	105	4	8	180	185595	186068	7.97e-12	70.5	45.14	0/3
ParC	NZ_JACJQL010000087.1	31.381	239	146	6	10	245	12305	12976	1.21e-19	94.0	48.54	0/2
ParC	NZ_AP018234.1	29.046	241	155	7	7	243	189770	189084	1.31e-19	93.6	46.89	0/-3
ParC	NZ_PVWJ01000110.1	29.675	246	147	6	7	245	15895	16575	1.47e-19	93.6	43.50	0/1
ParC	NC_011738.1	27.451	255	155	6	4	249	252585	251884	1.50e-19	93.6	45.88	0/-1
ParC	NZ_CP047244.1	29.046	241	155	7	7	243	90755	90069	1.82e-19	93.2	46.89	0/-2
ParC	NZ_AP018182.1	29.046	241	155	7	7	243	203754	203068	1.84e-19	93.2	46.89	0/-3
ParC	NZ_JAATWA010000005.1	32.020	203	129	3	7	208	123092	122508	1.93e-19	93.2	53.20	0/-1
ParC	NZ_JACJRG010000049.1	29.918	244	143	6	10	245	33100	33771	1.99e-19	93.2	45.49	0/1
ParC	NZ_JACJQG010000010.1	29.046	241	155	7	7	243	73149	72463	2.20e-19	93.2	46.89	0/-1
ParC	NZ_LAHB01000063.1	29.046	241	155	7	7	243	1232	1918	2.23e-19	93.2	46.89	0/2
ParC	NZ_JACJQL010000051.1	29.046	241	155	7	7	243	26169	25483	2.32e-19	92.8	46.89	0/-2
ParC	NZ_JACJTB010000040.1	29.046	241	155	7	7	243	32979	32293	2.33e-19	92.8	46.89	0/-3
ParC	NZ_JACJQL010000126.1	31.120	241	150	4	7	245	3477	4157	2.67e-19	92.8	46.89	0/3
ParC	NZ_AP018175.1	29.046	241	155	7	7	243	194400	193714	2.67e-19	92.8	46.89	0/-1
ParC	NZ_AP018250.1	29.046	241	155	7	7	243	173852	174538	2.67e-19	92.8	46.89	0/2
ParC	NZ_DF978432.1	29.046	241	155	7	7	243	98077	98763	2.67e-19	92.8	46.89	0/1
ParC	NZ_JACJTD010000070.1	27.572	243	156	5	7	245	29000	29680	3.17e-19	92.4	46.09	0/2
ParC	NZ_JACJPX010000076.1	27.160	243	157	5	7	245	35470	34790	3.46e-19	92.4	45.68	0/-2
ParC	NZ_JACJTD010000063.1	27.386	241	155	5	7	243	35786	36460	4.20e-19	92.0	46.06	0/2
ParC	NZ_CP030122.1	28.512	242	155	6	7	243	245838	246524	5.05e-19	92.0	48.76	0/3
ParC	NZ_CP030119.1	28.512	242	155	6	7	243	245997	246683	5.05e-19	92.0	48.76	0/3
ParC	NZ_JACJQL010000151.1	26.749	243	158	5	7	245	3706	3026	5.43e-19	91.7	45.68	0/-1
ParC	NZ_JAATWA010000006.1	28.226	248	148	6	7	245	51852	51172	5.83e-19	91.7	46.77	0/-1
ParC	NZ_JACJTU010000061.1	27.160	243	157	5	7	245	15798	16478	5.99e-19	91.7	45.27	0/3
ParC	NZ_JACJTU010000082.1	31.535	241	149	5	7	245	14671	13991	6.38e-19	91.7	47.30	0/-1
ParC	NZ_LR214091.1	30.000	250	148	7	7	245	4154	4855	6.42e-19	91.7	50.00	0/2
ParC	NZ_AP018238.1	27.160	243	157	5	7	245	83656	84336	6.84e-19	91.7	44.86	0/1
ParC	NZ_AP018238.1	27.160	243	157	5	7	245	40995	41675	9.48e-19	91.3	44.86	0/3
ParC	NZ_AP018207.1	28.631	241	156	7	7	243	4575600	4574914	6.89e-19	91.7	46.47	0/-2
ParC	NZ_MRCB01000027.1	28.631	241	156	7	7	243	57636	58322	7.35e-19	91.7	46.47	0/3
ParC	NZ_JACJTB010000066.1	26.971	241	156	5	7	243	19288	19962	1.09e-18	90.9	45.64	0/1
ParC	NZ_PVWJ01000193.1	29.218	243	153	6	7	245	6026	5343	1.31e-18	90.5	46.50	0/-3
ParC	NZ_JACJTB010000067.1	31.120	241	150	5	7	245	25138	24458	1.33e-18	90.9	47.30	0/-3
ParC	NZ_AJLN01000015.1	26.556	241	161	5	7	243	85342	86028	1.41e-18	90.5	43.98	0/1
ParC	NC_009926.1	27.132	258	157	7	7	243	255170	255913	2.31e-18	90.1	45.74	0/2
ParC	NC_009926.1	27.083	240	159	5	6	243	321811	321134	1.02e-15	82.0	45.83	0/-1
ParC	NZ_JACJTU010000098.1	30.705	241	151	5	7	245	4586	3906	3.42e-18	89.4	47.72	0/-3
ParC	NC_019774.1	28.807	243	153	6	7	245	56939	57619	4.30e-18	89.4	47.74	0/2
ParC	NC_019774.1	26.749	243	158	5	7	245	4449	5129	2.64e-17	87.0	44.44	0/3
ParC	NZ_PVWG01000077.1	29.339	242	151	5	8	245	2946	3623	4.55e-18	89.0	45.04	0/3
ParC	NZ_JXCB02000048.1	29.046	241	155	7	7	243	257553	256867	7.42e-18	88.6	47.72	0/-1
ParC	NZ_MRCE01000040.1	25.726	241	159	5	7	243	60633	59959	1.43e-17	87.8	45.64	0/-3
ParC	NZ_CP007203.1	26.749	243	158	5	7	245	4757270	4757950	1.49e-17	87.8	44.86	0/2
ParC	NZ_CP007203.1	26.667	255	174	5	7	256	3079620	3078880	1.98e-10	66.2	41.18	0/-1
ParC	NZ_JACJTU010000084.1	26.749	243	158	5	7	245	12348	11668	1.69e-17	87.4	44.03	0/-1
ParC	NZ_JACJTQ010000045.1	29.114	237	148	6	7	239	24245	24907	6.58e-17	85.5	47.68	0/2
ParC	NZ_RSCK01000151.1	29.249	253	141	7	7	245	2053	2739	9.73e-17	85.1	44.66	0/1
ParC	NZ_LSYZ01000129.1	29.528	254	160	6	7	257	5580	6293	1.74e-16	84.3	49.21	0/3
ParC	NC_019777.1	29.278	263	156	5	1	254	8060	8785	2.05e-16	84.3	46.01	0/2
ParC	NZ_AGJC02000002.1	26.971	241	157	6	7	243	91327	92004	3.45e-16	83.6	48.13	0/1
ParC	NZ_AGJC02000002.1	47.458	59	30	1	7	65	184273	184446	6.26e-07	55.5	66.10	0/1
ParC	NZ_NKFP01000003.1	31.122	196	127	3	7	201	167336	166770	4.07e-16	83.2	48.47	0/-2
ParC	NZ_DS989846.1	30.319	188	125	3	7	193	267872	268420	4.60e-16	83.2	50.53	0/2
ParC	NC_014504.1	26.695	236	153	5	14	245	14527	13868	9.62e-16	82.0	44.92	0/-3
ParC	NZ_LSZA01000002.1	29.583	240	142	5	7	239	73011	72352	2.66e-15	80.9	47.50	0/-3
ParC	NZ_DS989854.1	26.953	256	172	5	7	256	95208	95948	4.36e-15	80.1	43.36	0/3
ParC	NC_009929.1	32.124	193	120	4	7	195	99336	98779	6.98e-15	79.7	47.15	0/-1
ParC	NZ_CP060823.1	29.098	244	157	5	7	249	95945	95259	1.16e-14	79.0	46.31	0/-1
ParC	NZ_CP060823.1	25.098	255	178	5	7	256	89383	90123	3.65e-08	59.3	39.61	0/1
ParC	NZ_WVIE01000013.1	29.798	198	129	3	7	200	63198	63773	1.36e-14	79.0	46.46	0/3
ParC	NZ_JACJSF010000137.1	30.242	248	158	6	4	245	9994	9278	3.80e-14	77.4	42.74	0/-1
ParC	NC_007604.1	30.636	173	105	2	8	180	1901787	1902260	3.86e-14	77.4	49.13	0/3
ParC	NZ_JH992901.1	34.188	117	75	2	129	243	5454194	5453844	5.14e-14	77.0	55.56	0/-3
ParC	NZ_JH992901.1	49.091	55	28	0	7	61	5454553	5454389	7.72e-08	58.2	70.91	0/-1
ParC	NZ_AP018237.1	27.869	244	163	4	7	245	118012	118719	1.73e-13	75.5	40.98	0/1
ParC	NZ_PVWK01000108.1	33.051	118	77	2	130	245	33479	33832	2.33e-13	75.1	55.93	0/2
ParC	NZ_AP018209.1	27.459	244	164	5	7	245	173764	173057	2.59e-13	75.1	42.62	0/-1
ParC	NZ_AP018249.1	27.459	244	164	5	7	245	2951	3658	2.69e-13	74.7	42.62	0/2
ParC	NZ_CP012036.1	32.479	117	77	2	129	243	5762766	5763116	2.98e-13	74.7	55.56	0/3
ParC	NZ_CP012036.1	41.791	67	32	1	7	66	6988457	6988657	8.89e-06	52.0	59.70	0/2
ParC	NC_010628.1	30.964	197	128	3	7	201	4679341	4678769	5.99e-13	73.9	44.67	0/-3
ParC	NC_010628.1	54.902	51	22	1	2	51	6848453	6848605	6.07e-06	52.4	66.67	0/2
ParC	NZ_JACJQU010000028.1	31.156	199	125	5	7	201	9651	9079	6.37e-13	73.6	46.23	0/-1
ParC	NZ_JTCM02000078.1	30.660	212	136	4	7	213	8985	8368	8.87e-13	73.2	43.87	0/-3
ParC	NZ_KE384614.1	28.351	194	126	4	7	188	23302	23880	1.03e-12	73.2	46.91	0/1
ParC	NC_014534.1	28.571	245	138	8	14	245	153138	153800	1.13e-12	73.2	46.12	0/3
ParC	NZ_JACJQG010000001.1	29.949	197	130	3	7	201	78434	79006	1.29e-12	72.8	44.16	0/2
ParC	NC_019730.1	26.230	244	167	4	7	245	27002	27709	1.30e-12	72.8	41.39	0/2
ParC	NZ_JXCB02000058.1	29.508	244	159	5	7	245	128803	128096	1.31e-12	72.8	42.21	0/-3
ParC	NZ_JACJSG010000068.1	29.885	174	104	4	13	184	1430	957	3.22e-12	71.6	46.55	0/-3
ParC	NZ_JACJPX010000080.1	26.296	270	168	7	1	256	30415	29657	4.34e-12	71.2	42.59	0/-1
ParC	NZ_JACJSF010000095.1	28.279	244	162	5	7	245	15226	15933	5.63e-12	70.9	41.39	0/1
ParC	NZ_AP018208.1	26.296	270	168	7	1	256	27568	28326	5.68e-12	70.9	42.59	0/1
ParC	NZ_NTFS01000007.1	25.092	271	170	7	1	257	17335	16580	6.38e-12	70.9	40.96	0/-3
ParC	NC_019749.1	27.734	256	144	7	7	243	75801	75100	6.81e-12	70.5	42.58	0/-3
ParC	NZ_AP018248.1	26.296	270	168	7	1	256	8474958	8474200	7.92e-12	70.5	42.22	0/-1
ParC	NZ_AP018248.1	56.098	41	18	0	7	47	2368665	2368543	1.82e-05	50.8	73.17	0/-1
ParC	NZ_CP024792.1	28.279	244	162	5	7	245	182701	181994	7.98e-12	70.5	41.39	0/-2
ParC	NZ_JACJQU010000009.1	31.361	169	96	4	7	166	182525	182052	8.81e-12	70.5	43.20	0/-1
ParC	NZ_JACJQG010000121.1	26.296	270	168	7	1	256	609	1367	9.12e-12	70.1	42.22	0/3
ParC	NZ_JACJSF010000127.1	25.926	270	167	6	1	256	5362	4610	1.12e-11	70.1	41.11	0/-3
ParC	NC_019694.1	28.346	254	149	8	7	256	3630	4304	1.73e-11	69.3	44.49	0/3
ParC	NZ_BJCE01000076.1	27.807	187	124	3	7	182	2701	2141	1.90e-11	69.3	44.39	0/-1
ParC	NZ_KB235932.1	26.012	173	111	3	9	180	2365	2835	2.20e-11	68.9	46.82	0/1
ParC	NC_013167.1	26.877	253	154	5	7	256	20805	21479	2.67e-11	68.9	37.55	0/3
ParC	NZ_AP018176.1	26.459	257	156	7	1	243	170791	171504	3.73e-11	68.6	41.25	0/1
ParC	NZ_JTCM02000209.1	26.357	258	177	5	4	256	2938	3687	3.97e-11	68.2	40.70	0/1
ParC	NZ_BJCF01000052.1	27.320	194	128	4	7	188	20627	21205	4.38e-11	68.2	45.88	0/2
ParC	NZ_RSCK01000152.1	35.652	115	71	3	130	243	2819	2481	4.44e-11	68.2	54.78	0/-1
ParC	NZ_JACJTQ010000006.1	27.320	194	128	4	7	188	130820	130242	5.72e-11	67.8	45.36	0/-2
ParC	NZ_PXOH01000028.1	28.000	175	107	4	8	180	32799	33272	6.22e-11	67.8	44.00	0/3
ParC	NZ_CP054698.1	31.016	187	115	4	7	186	219586	219047	6.22e-11	67.8	49.20	0/-3
ParC	NZ_AP018202.1	30.348	201	126	6	8	203	1161828	1162403	1.24e-10	66.6	44.28	0/3
ParC	NZ_AP018202.1	27.841	176	122	3	2	174	1646190	1646711	1.18e-06	54.7	39.77	0/3
ParC	NZ_JAATWA010000001.1	29.348	184	122	3	7	186	3699077	3698538	1.25e-10	66.6	43.48	0/-3
ParC	NZ_JAATWA010000001.1	59.091	44	17	1	8	51	540611	540739	8.58e-06	52.0	77.27	0/2
ParC	NC_004113.1	30.348	201	126	6	8	203	1462153	1461578	1.36e-10	66.6	44.28	0/-3
ParC	NC_004113.1	27.841	176	122	3	2	174	1771434	1771955	1.22e-06	54.7	39.77	0/3
ParC	NZ_FYBH01000030.1	28.191	188	119	4	7	186	8385	7846	1.50e-10	66.6	45.21	0/-2
ParC	NZ_KB235930.1	28.877	187	119	4	7	186	4515553	4515014	1.56e-10	66.6	47.59	0/-1
ParC	NZ_KB235930.1	27.059	255	173	4	7	256	4283873	4283133	2.26e-10	65.9	39.22	0/-3
ParC	NZ_JACJPX010000048.1	28.877	187	119	4	7	186	21268	20729	1.96e-10	66.2	48.66	0/-3
ParC	NZ_CP024790.1	25.185	270	169	7	1	256	44373	43621	2.26e-10	65.9	42.59	0/-3
ParC	NZ_VLKB01000001.1	27.530	247	146	7	7	239	336812	337495	2.32e-10	65.9	42.51	0/2
ParC	NZ_JH980292.1	27.513	189	124	3	7	188	2370956	2370408	2.79e-10	65.9	46.56	0/-3
ParC	NZ_PVWK01000033.1	32.796	186	118	4	10	189	15728	16282	2.86e-10	65.5	41.40	0/2
ParC	NZ_PVWK01000051.1	32.773	119	76	3	130	245	4518	4871	3.24e-10	65.5	53.78	0/3
ParC	NZ_PVWK01000051.1	46.429	56	30	0	8	63	4194	4361	9.93e-07	54.7	62.50	0/3
ParC	NZ_KB235933.1	33.043	115	75	2	127	239	482304	482648	3.25e-10	65.5	52.17	0/3
ParC	NZ_KB235933.1	49.123	57	29	0	7	63	481986	482156	3.07e-09	62.4	73.68	0/3
ParC	NZ_MRCB01000005.1	28.079	203	139	5	2	200	41178	41777	3.30e-10	65.5	43.35	0/3
ParC	NC_019755.1	29.885	174	108	3	7	180	21027	20548	3.83e-10	65.5	47.70	0/-3
ParC	NC_019751.1	29.891	184	110	5	2	178	1822678	1823193	4.68e-10	65.1	42.93	0/1
ParC	NC_019751.1	28.261	184	124	3	7	186	770035	770574	2.77e-08	59.7	46.20	0/1
ParC	NZ_AP014640.1	25.221	226	154	4	7	224	371195	371851	4.89e-10	65.1	41.59	0/2
ParC	NZ_JJML01000007.1	52.381	63	30	0	2	64	98925	98737	5.16e-10	65.1	60.32	0/-3
ParC	NZ_BDUD01000001.1	28.141	199	129	4	7	199	2091022	2090450	5.87e-10	64.7	45.73	0/-1
ParC	NZ_BDUD01000001.1	56.098	41	18	0	7	47	6803064	6802942	1.34e-05	51.2	73.17	0/-2
ParC	NZ_JACJST010000016.1	29.947	187	117	4	7	186	6059	6598	5.90e-10	64.7	46.52	0/2
ParC	NZ_JACJRG010000001.1	26.207	290	159	10	7	253	338410	339243	6.36e-10	64.7	41.03	0/1
ParC	NZ_JACJRG010000001.1	26.857	175	107	4	7	170	336523	336029	3.69e-08	59.3	45.14	0/-3
ParC	NZ_ACYB01000042.1	29.714	175	110	4	7	169	241347	240826	7.55e-10	64.3	45.71	0/-1
ParC	NZ_JACJTD010000010.1	30.055	183	122	4	7	186	130306	129767	7.61e-10	64.3	50.27	0/-1
ParC	NZ_LAHB01000004.1	23.616	271	173	6	1	257	16912	16160	8.49e-10	64.3	41.33	0/-2
ParC	NZ_JACJRQ010000095.1	23.616	271	173	6	1	257	3472	2720	1.08e-09	63.9	41.33	0/-2
ParC	NZ_CP054695.1	23.616	271	173	6	1	257	19726	18974	1.15e-09	63.9	41.33	0/-2
ParC	NC_020050.1	23.616	271	173	6	1	257	358970	358218	1.16e-09	63.9	41.33	0/-3
ParC	NC_020050.1	58.974	39	16	0	7	45	170969	171085	5.51e-05	49.3	69.23	0/2
ParC	NZ_CP021983.2	27.273	176	110	3	12	185	1409118	1409597	1.27e-09	63.5	44.89	0/3
ParC	NZ_CP021983.2	29.412	255	144	10	7	256	173041	173712	1.87e-08	60.1	42.75	0/1
ParC	NZ_VHLJ01000001.1	29.714	175	110	4	7	169	1041834	1041313	1.30e-09	63.5	45.71	0/-2
ParC	NZ_JACJST010000010.1	26.275	255	175	5	7	256	16721	17461	1.36e-09	63.5	40.39	0/2
ParC	NZ_AP014641.1	28.994	169	103	4	13	180	15980	15522	1.43e-09	63.5	44.38	0/-1
ParC	NC_019765.1	28.512	242	145	7	7	237	24434	23760	1.52e-09	63.5	44.63	0/-1
ParC	NZ_CP060822.1	29.714	175	110	4	7	169	2013202	2013723	1.52e-09	63.5	45.71	0/1
ParC	NZ_BJCE01000024.1	26.275	255	175	5	7	256	3142	2402	2.13e-09	63.2	40.39	0/-2
ParC	NC_019780.1	26.882	186	122	4	7	185	3476609	3476073	2.30e-09	62.8	46.24	0/-2
ParC	NC_019780.1	26.291	213	127	8	10	198	3400646	3401266	8.14e-08	58.2	40.38	0/2
ParC	NC_019780.1	54.167	48	22	0	7	54	3480575	3480432	3.26e-07	56.2	68.75	0/-2
ParC	NZ_AADV02000239.1	32.192	146	87	2	7	152	4169	4570	2.64e-09	62.4	52.05	0/2
ParC	NC_019689.1	27.619	210	143	6	2	205	764953	765573	3.28e-09	62.4	44.76	0/1
ParC	NC_019689.1	61.364	44	16	1	7	50	2688932	2689060	1.45e-06	54.3	77.27	0/2
ParC	NC_019772.1	26.255	259	158	6	1	245	143483	142764	3.91e-09	62.4	42.47	0/-3
ParC	NZ_AGJC02000001.1	28.571	182	124	4	7	185	2692340	2691804	4.41e-09	62.0	48.90	0/-1
ParC	NZ_MRCC01000016.1	30.220	182	121	4	7	185	11312	10776	6.19e-09	61.6	48.35	0/-3
ParC	NZ_JACJSW010000194.1	29.319	191	111	5	7	184	9214	9753	7.94e-09	61.2	42.41	0/1
ParC	NC_010296.1	29.319	191	111	5	7	184	618983	619522	8.76e-09	61.2	42.41	0/2
ParC	NC_010296.1	59.091	44	17	1	7	50	353957	353829	1.34e-05	51.2	70.45	0/-3
ParC	NC_010296.1	53.659	41	19	0	7	47	1679528	1679650	1.53e-05	51.2	73.17	0/2
ParC	NZ_AP018213.1	29.050	179	113	3	2	180	33194	32700	9.27e-09	61.2	45.81	0/-3
ParC	NZ_JXCB02000021.1	28.692	237	141	7	12	237	21812	21153	9.34e-09	60.8	43.04	0/-1
ParC	NZ_JACJRQ010000055.1	28.692	237	141	7	12	237	21164	20505	9.38e-09	60.8	43.04	0/-2
ParC	NC_010633.1	27.660	235	146	6	12	237	12573	13232	1.18e-08	60.8	42.98	0/3
ParC	NZ_JACJSF010000038.1	27.660	235	146	6	12	237	33178	32519	1.18e-08	60.8	42.98	0/-1
ParC	NZ_AFJC01000006.1	29.825	171	106	4	7	170	180376	179885	1.34e-08	60.5	49.71	0/-2
ParC	NZ_AAXW01000074.1	28.000	175	106	4	13	185	20057	20527	1.44e-08	60.5	44.57	0/2
ParC	NC_014501.1	27.103	214	146	6	2	207	1741060	1740425	1.59e-08	60.5	42.06	0/-3
ParC	NZ_JACJSV010000088.1	28.796	191	112	5	7	184	7957	8496	2.45e-08	59.7	42.41	0/1
ParC	NZ_JYON01000004.1	53.846	65	27	2	2	63	100578	100384	2.51e-08	59.7	66.15	0/-2
ParC	NZ_NXIB02000022.1	30.994	171	104	4	7	170	28847	28356	2.61e-08	59.7	43.86	0/-1
ParC	NZ_JACJQV010000196.1	28.796	191	112	5	7	184	7961	7422	2.71e-08	59.7	42.41	0/-3
ParC	NZ_AP014639.1	24.747	198	122	3	8	186	66953	66384	3.39e-08	59.3	38.89	0/-2
ParC	NC_019693.1	28.495	186	120	4	7	185	6320719	6321258	3.63e-08	59.3	43.01	0/1
ParC	NC_019693.1	56.098	41	18	0	7	47	6401375	6401497	4.33e-06	52.8	75.61	0/2
ParC	NZ_LR734824.1	26.570	207	146	5	7	209	145700	145086	4.30e-08	58.9	42.03	0/-1
ParC	NZ_QMEB01000172.1	30.178	169	114	2	7	173	1310	1810	5.67e-08	58.5	42.01	0/2
ParC	NZ_LMTZ01000133.1	27.179	195	132	4	2	186	66174	66758	6.94e-08	58.5	43.59	0/3
ParC	NZ_AP018174.1	27.128	188	120	4	7	185	257702	258241	7.12e-08	58.2	43.62	0/2
ParC	NZ_AP018174.1	32.500	160	103	4	7	165	4153442	4153909	5.68e-07	55.5	45.00	0/2
ParC	NZ_VLKB01000010.1	25.773	194	115	4	7	185	176825	177364	7.72e-08	58.2	41.75	0/2
ParC	NC_019771.1	58.333	48	20	0	7	54	4129912	4129769	7.86e-08	58.2	68.75	0/-1
ParC	NC_019771.1	31.148	122	75	4	131	245	1565120	1565479	2.16e-05	50.4	49.18	0/2
ParC	NZ_JACJTU010000005.1	58.333	48	20	0	7	54	211817	211960	7.99e-08	58.2	68.75	0/2
ParC	NZ_JAAVJL010000005.1	26.482	253	150	8	8	245	7222	7917	8.33e-08	58.2	41.90	0/1
ParC	NZ_KB235903.1	23.318	223	143	6	7	207	844204	844854	9.57e-08	57.8	39.91	0/1
ParC	NZ_LR213809.1	24.757	206	135	6	7	198	6784	6185	1.05e-07	57.8	46.12	0/-1
ParC	NC_013161.1	27.711	166	115	4	7	169	1082228	1081737	1.15e-07	57.8	45.78	0/-3
ParC	NZ_PVWG01000070.1	53.061	49	23	0	7	55	16956	17102	1.20e-07	57.8	69.39	0/3
ParC	NZ_CP018092.1	27.374	179	125	4	2	177	1801363	1800833	1.51e-07	57.4	41.34	0/-2
ParC	NZ_CP031941.1	25.714	175	109	4	7	170	1868555	1868061	1.67e-07	57.4	45.14	0/-3
ParC	NZ_CP031941.1	56.098	41	18	0	7	47	4116396	4116518	2.06e-05	50.8	70.73	0/3
ParC	NZ_LR735009.1	29.213	178	115	6	7	180	103706	104218	2.73e-07	56.6	43.82	0/2
ParC	NZ_ASSJ01000055.1	57.447	47	20	0	8	54	45733	45873	3.72e-07	56.2	68.09	0/1
ParC	NZ_MRCB01000016.1	63.636	44	15	1	7	50	27182	27054	3.82e-07	56.2	77.27	0/-2
ParC	NZ_AUZM01000114.1	27.108	166	112	5	7	169	2446	2925	4.95e-07	55.8	43.98	0/1
ParC	NZ_JACJTB010000011.1	26.368	201	123	4	7	193	2030	2599	5.27e-07	55.5	41.29	0/2
ParC	NZ_AJLN01000063.1	48.333	60	27	2	7	66	131045	130878	6.47e-07	55.5	66.67	0/-1
ParC	NZ_AAXW01000090.1	28.814	118	83	1	131	247	9906	10259	6.91e-07	55.1	49.15	0/3
ParC	NZ_KB235941.1	26.768	198	130	6	7	195	863272	863847	8.26e-07	55.1	43.43	0/1
ParC	NZ_KB235941.1	26.012	173	115	3	8	173	1244116	1243616	2.65e-05	50.4	43.35	0/-2
ParC	NZ_NKFP01000006.1	30.539	167	95	5	7	165	4153541	4154002	8.26e-07	55.1	43.71	0/2
ParC	NZ_AP018180.1	26.108	203	128	5	7	188	7552590	7551985	8.49e-07	55.1	40.39	0/-2
ParC	NC_019731.1	31.008	129	82	3	131	256	78037	78411	1.07e-06	54.7	45.74	0/1
ParC	NZ_PVWG01000079.1	50.000	50	25	0	7	56	6458	6309	1.10e-06	54.7	70.00	0/-2
ParC	NZ_DF978426.1	27.128	188	118	4	7	184	90589	91125	1.20e-06	54.7	42.55	0/1
ParC	NZ_JACJSF010000174.1	28.221	163	111	4	1	161	3930	4406	1.23e-06	54.3	43.56	0/3
ParC	NZ_RSCK01000029.1	52.083	48	23	0	7	54	9698	9841	1.55e-06	54.3	66.67	0/2
ParC	NZ_AFJC01000002.1	56.522	46	20	0	2	47	362126	362263	1.66e-06	53.9	67.39	0/2
ParC	NZ_PVWO01000232.1	30.769	130	83	2	130	256	8450	8073	1.69e-06	53.9	44.62	0/-1
ParC	NZ_PVWJ01000040.1	48.980	49	25	0	7	55	7361	7215	1.73e-06	53.9	63.27	0/-3
ParC	NZ_JXCB02000001.1	26.203	187	123	3	7	185	414549	415088	2.26e-06	53.5	42.78	0/3
ParC	NZ_JACJQN010000002.1	26.144	153	98	2	12	162	147295	147714	2.34e-06	53.5	42.48	0/1
ParC	NZ_JACJSF010000073.1	52.083	48	23	0	7	54	26856	26713	2.44e-06	53.5	68.75	0/-3
ParC	NC_019729.1	57.778	45	19	0	7	51	4592156	4592290	2.56e-06	53.5	73.33	0/2
ParC	NC_019729.1	52.941	51	23	1	2	51	6078033	6077881	4.19e-05	49.7	64.71	0/-3
ParC	NZ_KE734717.1	27.568	185	121	3	7	184	2948142	2948678	2.96e-06	53.1	43.24	0/3
ParC	NZ_KE734704.1	27.568	185	121	3	7	184	277926	277390	3.23e-06	53.1	43.24	0/-3
ParC	NZ_KE734720.1	27.568	185	121	3	7	184	695784	696320	3.23e-06	53.1	43.24	0/3
ParC	NZ_PVWJ01000107.1	55.102	49	21	1	7	54	7051	6905	3.40e-06	53.1	71.43	0/-3
ParC	NZ_PVWK01000072.1	26.437	174	115	3	7	180	12336	11854	3.44e-06	53.1	47.13	0/-1
ParC	NZ_BJCF01000023.1	23.649	148	104	2	118	256	42180	42623	3.47e-06	53.1	47.30	0/3
ParC	NZ_MRCE01000002.1	26.452	155	112	1	7	161	29535	29993	3.53e-06	53.1	40.00	0/3
ParC	NZ_MRBY01000042.1	51.020	49	23	1	7	55	3683	3826	4.35e-06	52.8	71.43	0/2
ParC	NZ_KE384642.1	23.649	148	104	2	118	256	81373	81816	4.60e-06	52.8	47.30	0/1
ParC	NZ_CP047243.1	31.092	119	75	3	131	243	141039	140686	4.99e-06	52.8	47.06	0/-2
ParC	NZ_JHEG04000001.1	25.907	193	116	4	7	185	4195177	4195716	5.08e-06	52.8	40.93	0/1
ParC	NZ_JACJTB010000022.1	46.939	49	26	0	7	55	72320	72174	5.73e-06	52.4	65.31	0/-3
ParC	NC_005125.1	54.000	50	22	1	8	57	2621402	2621548	7.00e-06	52.0	68.00	0/2
ParC	NZ_CP024788.1	42.373	59	33	1	7	65	5195	5368	7.15e-06	52.0	64.41	0/2
ParC	NZ_KB235904.1	61.538	39	15	0	7	45	2145324	2145440	7.25e-06	52.0	74.36	0/3
ParC	NZ_KB235904.1	53.659	41	19	0	7	47	1356894	1356772	3.24e-05	50.1	73.17	0/-1
ParC	NC_019748.1	22.857	280	186	7	7	256	1255665	1254826	7.32e-06	52.0	38.57	0/-1
ParC	NZ_LSYZ01000130.1	58.537	41	17	0	7	47	16079	16201	7.56e-06	52.0	75.61	0/2
ParC	NZ_LR734982.1	58.537	41	17	0	7	47	384626	384504	7.57e-06	52.0	75.61	0/-3
ParC	NZ_CM002803.1	28.652	178	116	6	7	180	1120213	1119701	7.65e-06	52.0	42.13	0/-2
ParC	NZ_CM002803.1	58.537	41	17	0	7	47	4659354	4659476	9.72e-06	51.6	75.61	0/3
ParC	NZ_CM002803.1	53.659	41	19	0	7	47	2313994	2314116	4.79e-05	49.7	73.17	0/1
ParC	NZ_ACYB01000035.1	56.098	41	18	0	7	47	524582	524704	7.78e-06	52.0	75.61	0/2
ParC	NZ_AP018245.1	22.727	176	117	3	8	180	25052	24573	7.93e-06	52.0	43.75	0/-2
ParC	NZ_AUZM01000001.1	55.556	45	20	0	7	51	173807	173941	7.98e-06	52.0	68.89	0/2
ParC	NC_009925.1	53.846	52	23	1	7	58	541871	541719	8.51e-06	52.0	67.31	0/-2
ParC	NZ_JJML01000006.1	28.682	129	78	2	13	140	13352	13005	8.76e-06	52.0	43.41	0/-2
ParC	NC_008312.1	58.537	41	17	0	7	47	210034	210156	8.89e-06	52.0	75.61	0/1
ParC	NZ_ALVR01000010.1	27.222	180	106	4	7	180	64226	63744	9.34e-06	51.6	41.11	0/-2
ParC	NZ_PXOH01000004.1	42.623	61	34	1	7	66	106615	106797	9.37e-06	51.6	63.93	0/1
ParC	NZ_JACJQL010000109.1	30.000	120	75	4	131	243	961	608	9.76e-06	51.6	48.33	0/-2
ParC	NZ_BDUD01000011.1	61.538	39	15	0	7	45	5662	5546	1.16e-05	51.6	69.23	0/-2
ParC	NC_009933.1	26.702	191	127	5	2	188	65558	65013	1.19e-05	51.6	42.41	0/-2
ParC	NZ_LSZA01000011.1	56.098	41	18	0	7	47	52554	52432	1.24e-05	51.2	73.17	0/-1
ParC	NZ_PVWO01000040.1	21.910	178	120	3	8	182	5915	5430	1.24e-05	51.2	42.13	0/-3
ParC	NZ_DS989849.1	56.818	44	18	1	7	50	95830	95702	1.24e-05	51.2	77.27	0/-1
ParC	NZ_JACJSF010000109.1	61.538	39	15	0	7	45	1472	1356	1.25e-05	51.2	69.23	0/-1
ParC	NC_009931.1	50.000	48	24	0	7	54	24859	25002	1.31e-05	51.2	64.58	0/1
ParC	NZ_JACJSW010000128.1	59.091	44	17	1	7	50	33839	33711	1.31e-05	51.2	70.45	0/-2
ParC	NZ_JACJQV010000177.1	59.091	44	17	1	7	50	31319	31191	1.32e-05	51.2	70.45	0/-1
ParC	NZ_JACJSV010000028.1	59.091	44	17	1	7	50	41161	41289	1.33e-05	51.2	70.45	0/1
ParC	NZ_JACJSV010000009.1	53.659	41	19	0	7	47	34508	34386	1.33e-05	51.2	73.17	0/-3
ParC	NZ_FO818640.1	25.789	190	122	5	7	177	4634262	4634831	1.36e-05	51.2	43.16	0/3
ParC	NZ_FO818640.1	47.917	48	25	0	9	56	3299878	3300021	7.58e-05	48.9	58.33	0/1
ParC	NZ_CP051185.1	25.789	190	122	5	7	177	997079	996510	1.36e-05	51.2	43.16	0/-3
ParC	NZ_CP051185.1	47.917	48	25	0	9	56	2309573	2309430	7.58e-05	48.9	58.33	0/-3
ParC	NZ_JACJQV010000126.1	53.659	41	19	0	7	47	26862	26984	1.40e-05	51.2	73.17	0/3
ParC	NZ_JACJQU010000002.1	56.098	41	18	0	7	47	22914	22792	1.64e-05	50.8	73.17	0/-3
ParC	NZ_JACJSF010000005.1	56.098	41	18	0	7	47	128900	128778	1.71e-05	50.8	73.17	0/-2
ParC	NZ_PVWG01000028.1	56.098	41	18	0	7	47	30914	31036	1.71e-05	50.8	73.17	0/2
ParC	NZ_AP018314.1	56.098	41	18	0	7	47	1731917	1731795	1.75e-05	50.8	73.17	0/-3
ParC	NZ_JAAVJL010000002.1	59.091	44	17	1	8	51	289062	289190	2.05e-05	50.8	75.00	0/3
ParC	NZ_JACJQL010000053.1	22.727	176	117	3	8	180	32796	33275	2.10e-05	50.8	43.18	0/3
ParC	NZ_BJCE01000496.1	54.762	42	19	0	7	48	549	424	2.44e-05	49.7	71.43	0/-3
ParC	NZ_AADV02000176.1	52.381	42	20	0	8	49	6631	6506	2.45e-05	50.4	71.43	0/-3
ParC	NZ_KE384607.1	59.091	44	18	0	7	50	19921	20052	2.75e-05	50.4	65.91	0/1
ParC	NZ_JACJPX010000119.1	58.974	39	16	0	7	45	11244	11128	2.97e-05	50.1	69.23	0/-1
ParC	NZ_JACJRQ010000066.1	22.599	177	118	3	7	180	27908	27426	2.98e-05	50.1	42.94	0/-3
ParC	NZ_CP054694.1	50.000	54	26	1	7	60	1008	1166	3.53e-05	50.1	62.96	0/3
ParC	NC_019697.1	25.389	193	134	5	2	193	1696125	1696676	3.57e-05	50.1	41.45	0/3
ParC	NZ_CP024787.1	58.140	43	18	0	7	49	44947	44819	3.61e-05	50.1	67.44	0/-3
ParC	NZ_AJLK01000229.1	51.163	43	21	0	7	49	586	714	3.77e-05	48.5	69.77	0/1
ParC	NC_010630.1	50.000	54	26	1	7	60	77470	77628	3.79e-05	49.7	62.96	0/1
ParC	NZ_PVWK01000097.1	57.778	45	18	1	8	52	99169	99300	4.49e-05	49.7	68.89	0/1
ParC	NZ_JACJTO010000013.1	24.000	150	101	2	118	256	94036	93593	4.60e-05	49.7	43.33	0/-2
ParC	NC_019698.1	52.381	42	20	0	8	49	2317	2442	4.84e-05	49.7	69.05	0/1
ParC	NC_016640.1	51.220	41	20	0	7	47	4706841	4706963	5.51e-05	49.3	73.17	0/3
ParC	NZ_LATL02000101.1	56.098	41	18	0	7	47	42350	42228	5.99e-05	49.3	75.61	0/-2
ParC	NZ_RCBZ01000195.1	53.659	41	19	0	7	47	7769	7647	6.36e-05	49.3	75.61	0/-1
ParC	NZ_NXIB02000171.1	51.220	41	20	0	7	47	6275	6153	6.76e-05	48.9	70.73	0/-3
ParC	NZ_JACJTU010000031.1	55.814	43	18	1	7	49	60163	60288	7.09e-05	48.9	72.09	0/1
ParC	NZ_PXOH01000026.1	54.545	44	19	1	7	50	22909	23037	7.26e-05	48.9	68.18	0/1
ParC	NZ_JACJSG010000044.1	55.814	43	18	1	7	49	73581	73706	7.53e-05	48.9	72.09	0/3
ParC	NZ_JACJTQ010000037.1	56.098	41	18	0	7	47	41896	41774	8.21e-05	48.9	70.73	0/-2
ParC	NZ_CP042329.1	25.146	171	110	3	12	180	35076	35540	8.71e-05	48.5	40.35	0/3
ParC	NZ_AP018227.1	53.659	41	19	0	7	47	1881323	1881201	8.81e-05	48.5	70.73	0/-2
ParC	NZ_BDQK01000013.1	51.220	41	20	0	7	47	615931	615809	9.20e-05	48.5	68.29	0/-2
ParC	NZ_AAXW01000006.1	51.220	41	20	0	7	47	55848	55970	9.26e-05	48.5	68.29	0/3


