# tblastn
# Iteration: 0
# Query: ParC
# RID: 7KFRRDZT013
# Database: ref_prok_rep_genomes
# Fields: query acc.ver, subject acc.ver, % identity, alignment length, mismatches, gap opens, q. start, q. end, s. start, s. end, evalue, bit score, % positives, query/sbjct frames
# 521 hits found
ParC	NZ_KI912608.1	37.109	256	156	2	1	256	942714	941962	3.79e-47	174	58.20	0/-1
ParC	NZ_KI912608.1	33.198	247	153	3	8	253	2986391	2985684	3.74e-29	122	51.01	0/-2
ParC	NZ_JPIK01000020.1	37.450	251	150	2	7	256	218746	218012	3.81e-47	174	58.17	0/-1
ParC	NZ_JYNO01000021.1	37.450	251	150	2	7	256	19051	19785	4.78e-46	171	56.97	0/1
ParC	NZ_FMXO01000011.1	36.905	252	150	3	7	256	122387	123121	2.01e-45	169	59.13	0/2
ParC	NC_022444.1	38.400	250	148	2	7	256	18484	17753	5.96e-44	165	57.60	0/-3
ParC	NC_022444.1	32.129	249	153	5	8	253	940448	939741	1.72e-26	114	50.20	0/-2
ParC	NC_022444.1	29.880	251	161	3	7	257	3257584	3258291	5.49e-17	86.3	43.82	0/1
ParC	NC_022444.1	35.433	127	75	2	131	253	3260005	3260376	2.77e-13	75.1	51.18	0/1
ParC	NC_022444.1	60.000	45	18	0	7	51	3259651	3259785	7.58e-06	52.4	71.11	0/1
ParC	NC_022444.1	59.574	47	18	1	4	50	3500616	3500753	1.04e-05	52.0	72.34	0/3
ParC	NC_022444.1	43.860	57	29	2	10	65	1394766	1394930	1.89e-05	51.2	68.42	0/3
ParC	NZ_VRYY01000805.1	36.800	250	152	3	7	256	8407	9138	2.46e-43	163	58.40	0/1
ParC	NZ_KE386880.1	38.492	252	146	3	7	256	20172	20906	2.91e-43	162	56.35	0/3
ParC	NZ_KI632512.1	36.800	250	152	3	7	256	1021993	1021262	3.93e-43	162	58.40	0/-3
ParC	NZ_KI632512.1	31.048	248	159	2	10	256	2648855	2648145	1.55e-28	120	48.39	0/-2
ParC	NZ_AUBQ01000004.1	38.400	250	147	3	7	256	248712	247984	6.90e-43	162	57.20	0/-2
ParC	NC_020127.1	37.354	257	141	4	7	256	1398680	1399411	2.47e-42	160	54.86	0/2
ParC	NC_020127.1	30.677	251	162	3	7	256	1011980	1012699	1.00e-28	120	49.00	0/2
ParC	NZ_ATHI01000028.1	38.000	250	148	3	7	256	154205	154933	4.01e-42	159	55.20	0/2
ParC	NZ_SIXC01000001.1	38.800	250	147	3	7	256	62763	62032	5.15e-42	159	57.60	0/-3
ParC	NZ_CM001368.1	37.200	250	149	3	7	256	1463591	1462866	6.25e-42	159	56.80	0/-2
ParC	NZ_CM001368.1	36.719	256	139	4	7	256	3245908	3245192	4.28e-32	130	50.00	0/-3
ParC	NZ_CM001368.1	29.200	250	165	2	8	256	2788758	2789474	6.47e-25	109	46.80	0/3
ParC	NZ_CM001368.1	31.707	246	153	3	11	256	1616766	1617458	3.89e-16	83.6	41.06	0/3
ParC	NZ_FRDI01000002.1	38.000	250	148	2	7	256	142072	142800	6.42e-42	159	56.40	0/1
ParC	NC_017310.1	36.800	250	152	2	7	256	2162799	2162068	4.75e-41	156	58.40	0/-3
ParC	NC_017310.1	33.468	248	153	2	7	253	306	1016	1.33e-33	135	49.60	0/3
ParC	NZ_WVUD01000001.1	38.976	254	139	3	7	256	376031	376756	5.21e-41	156	55.91	0/2
ParC	NZ_WVUD01000001.1	29.268	246	159	3	11	256	28032	27340	2.18e-14	78.6	41.87	0/-2
ParC	NZ_ATUZ01000013.1	36.400	250	153	3	7	256	420149	419418	5.58e-41	156	56.40	0/-2
ParC	NZ_CP045504.1	37.247	247	148	2	7	253	4076557	4077276	9.10e-41	155	55.87	0/1
ParC	NZ_CP045504.1	27.600	250	169	2	8	256	2890576	2891292	1.89e-26	114	48.80	0/1
ParC	NZ_CP045504.1	34.286	245	145	6	7	249	2842963	2843655	1.78e-14	78.6	44.90	0/1
ParC	NZ_CP014229.1	37.200	250	151	3	7	256	1522841	1523572	1.08e-40	155	55.20	0/2
ParC	NZ_CP014229.1	30.645	248	160	3	7	253	3262814	3262104	2.08e-28	119	47.98	0/-3
ParC	NZ_CP014229.1	29.804	255	156	6	7	257	1898137	1897430	3.53e-15	80.9	41.57	0/-1
ParC	NZ_KN882175.1	36.000	250	154	2	7	256	512334	511603	8.12e-40	152	54.40	0/-1
ParC	NZ_AUMA01000010.1	34.800	250	156	3	7	256	46849	46121	4.53e-39	150	57.20	0/-2
ParC	NC_020055.1	34.118	255	161	3	2	256	2151652	2152395	5.77e-39	150	55.29	0/1
ParC	NC_020055.1	32.661	248	153	5	8	253	1038080	1037373	9.96e-34	135	51.61	0/-1
ParC	NZ_AP017378.1	36.759	253	148	3	7	256	532196	532927	7.61e-39	150	54.15	0/2
ParC	NZ_AP017378.1	28.800	250	160	4	8	253	2876507	2875800	5.05e-26	112	49.60	0/-2
ParC	NZ_JOMJ01000003.1	36.400	250	152	3	7	256	39540	40268	9.94e-39	149	54.00	0/3
ParC	NZ_JOMJ01000003.1	33.600	250	154	3	8	256	1816752	1816036	3.53e-31	127	52.40	0/-1
ParC	NZ_JOMJ01000003.1	32.171	258	159	4	1	256	2234150	2234881	1.21e-30	126	51.55	0/2
ParC	NZ_FZOC01000002.1	37.600	250	149	3	7	256	616742	617470	1.57e-38	149	58.00	0/2
ParC	NZ_KE387017.1	34.630	257	158	3	2	256	297706	296960	1.74e-38	149	53.70	0/-2
ParC	NZ_JONL01000003.1	34.800	250	156	3	7	256	414353	415081	2.21e-38	149	55.20	0/2
ParC	NZ_FUYA01000007.1	34.524	252	155	3	7	256	116088	116819	2.23e-38	149	52.38	0/3
ParC	NC_012881.1	33.992	253	156	3	6	256	2999346	2998615	2.56e-38	148	54.94	0/-1
ParC	NC_012881.1	30.769	247	159	3	8	253	233	940	1.18e-31	129	49.39	0/2
ParC	NZ_FNGA01000004.1	34.400	250	157	3	7	256	459049	459777	3.31e-38	148	54.40	0/1
ParC	NZ_JAATJA010000005.1	36.800	250	152	2	7	256	85766	85035	3.36e-38	148	52.40	0/-1
ParC	NZ_JMKT01000008.1	36.032	247	152	2	7	253	641832	642554	5.44e-38	147	53.44	0/3
ParC	NZ_JMKT01000008.1	33.068	251	156	3	7	256	63733	64452	2.91e-30	125	50.20	0/1
ParC	NZ_AUDC01000002.1	31.907	257	164	3	2	256	39415	40158	7.82e-38	147	55.25	0/1
ParC	NZ_CP045508.1	36.179	246	150	2	8	253	2746906	2746190	1.08e-37	146	55.28	0/-2
ParC	NZ_CP045508.1	28.400	250	167	3	8	256	55325	56041	1.24e-25	111	48.80	0/2
ParC	NZ_CP045508.1	33.071	127	84	1	131	256	3913283	3913663	2.85e-09	62.8	48.03	0/2
ParC	NZ_SADD01000001.1	37.349	249	144	3	7	254	689207	688494	1.15e-37	146	56.63	0/-1
ParC	NZ_SADD01000001.1	31.783	258	163	6	4	256	305261	306010	2.33e-15	81.3	46.51	0/2
ParC	NZ_SADD01000001.1	29.644	253	159	6	7	257	479390	478683	5.95e-14	77.0	50.20	0/-1
ParC	NZ_BLVP01000008.1	37.600	250	150	2	7	256	717372	718103	1.37e-37	146	58.00	0/3
ParC	NZ_CP026538.1	41.667	252	135	3	7	256	1187553	1188278	1.56e-37	146	57.14	0/3
ParC	NZ_CP026538.1	29.555	247	162	3	8	253	15609	16316	8.06e-27	115	49.80	0/3
ParC	NZ_CP026538.1	30.081	246	157	3	11	256	3860240	3860932	1.04e-13	76.3	41.06	0/2
ParC	NZ_CP026538.1	53.333	45	21	0	7	51	2139175	2139041	3.27e-05	50.4	64.44	0/-2
ParC	NZ_CP026538.1	30.769	117	81	0	131	247	2138848	2138498	7.06e-05	49.3	42.74	0/-2
ParC	NZ_FWZU01000007.1	34.510	255	160	2	2	256	89594	90337	2.16e-37	145	54.51	0/2
ParC	NC_012796.1	41.270	252	136	3	7	256	3756271	3755546	2.63e-37	145	57.14	0/-2
ParC	NC_012796.1	29.555	247	162	3	8	253	15537	16244	8.06e-27	115	49.80	0/3
ParC	NC_012796.1	30.894	246	155	3	11	256	772397	771705	4.75e-15	80.5	41.06	0/-1
ParC	NC_012796.1	33.333	198	113	3	7	202	2708759	2709301	4.07e-11	68.6	44.44	0/2
ParC	NZ_AZAC01000056.1	36.576	257	139	5	7	256	28248	28967	3.67e-37	145	51.75	0/3
ParC	NZ_CAADHO010000006.1	37.052	251	146	4	7	256	211371	210652	6.03e-37	144	54.98	0/-1
ParC	NZ_FOJJ01000009.1	34.661	251	152	2	7	256	11416	10697	7.79e-37	144	51.00	0/-1
ParC	NZ_LR701292.1	35.857	251	149	3	7	256	3892553	3891834	1.01e-36	144	54.58	0/-3
ParC	NZ_VNIB01000009.1	33.468	248	153	2	7	253	63813	63103	1.33e-36	143	52.82	0/-3
ParC	NZ_QMIE01000001.1	38.800	250	148	2	7	256	297034	297768	1.93e-36	143	54.80	0/1
ParC	NZ_QMIE01000001.1	29.084	251	163	3	7	257	94708	94001	4.51e-16	83.6	43.82	0/-3
ParC	NZ_ACJN02000002.1	33.984	256	152	4	7	256	1094638	1095372	3.14e-36	142	53.52	0/1
ParC	NZ_ACJN02000002.1	30.980	255	162	4	2	253	486431	485700	2.23e-30	125	50.20	0/-3
ParC	NZ_QHKO01000001.1	36.145	249	147	3	7	254	876496	877209	3.30e-36	142	55.82	0/1
ParC	NZ_QHKO01000001.1	32.171	258	162	6	4	256	108007	107258	1.09e-15	82.4	46.51	0/-2
ParC	NZ_QHKO01000001.1	30.435	253	157	6	7	257	1091377	1092084	1.95e-13	75.5	50.20	0/1
ParC	NC_014972.1	34.661	251	152	3	7	256	110	829	4.48e-36	142	56.57	0/2
ParC	NC_014972.1	28.372	215	140	5	10	212	3552943	3552305	1.39e-09	63.9	44.65	0/-1
ParC	NC_014972.1	48.000	50	26	0	1	50	1917065	1916916	7.78e-05	49.3	66.00	0/-3
ParC	NZ_LT828541.1	35.857	251	149	3	7	256	451275	451994	1.03e-35	141	54.18	0/3
ParC	NZ_LT828541.1	28.571	252	163	4	7	257	64857	64150	5.92e-15	80.1	43.25	0/-3
ParC	NZ_FQZT01000009.1	31.873	251	159	2	7	256	66201	66920	1.04e-35	141	49.80	0/3
ParC	NZ_CP010802.1	33.068	251	156	2	7	256	3951623	3950904	1.39e-35	140	49.80	0/-2
ParC	NC_007519.1	37.600	250	150	2	7	256	1598974	1599705	3.07e-35	139	56.80	0/1
ParC	NC_007519.1	36.255	251	148	3	7	256	25892	25173	1.28e-34	137	53.39	0/-1
ParC	NZ_JAEX01000006.1	36.400	250	154	3	7	256	121470	120736	5.12e-35	139	53.60	0/-1
ParC	NZ_JABWTG010000009.1	31.855	248	157	2	7	253	40331	41041	5.58e-35	139	51.61	0/2
ParC	NZ_CP039543.1	37.247	247	150	2	7	253	1323069	1322344	5.77e-35	139	55.47	0/-1
ParC	NZ_CP039543.1	30.400	250	162	3	8	256	3241192	3241908	3.92e-29	122	50.00	0/1
ParC	NZ_CP039543.1	29.880	251	161	3	7	257	1829873	1830580	4.91e-17	86.3	44.22	0/2
ParC	NZ_CP039543.1	25.610	246	168	3	12	257	4107814	4107122	2.75e-09	63.2	40.24	0/-3
ParC	NC_012108.1	36.546	249	144	4	7	253	3603973	3604683	7.82e-35	138	53.41	0/1
ParC	NZ_JHZB01000004.1	33.865	251	154	3	7	256	104378	105097	8.02e-35	138	55.78	0/2
ParC	NZ_KB893079.1	34.274	248	151	3	7	253	38196	37486	2.22e-34	137	52.02	0/-3
ParC	NZ_JADBFD010000014.1	32.800	250	156	2	8	256	69365	68649	2.58e-34	137	50.80	0/-1
ParC	NZ_JXBL01000001.1	32.800	250	156	2	8	256	3119336	3118620	2.60e-34	137	50.80	0/-2
ParC	NC_014844.1	35.496	262	133	4	8	256	185	901	2.91e-34	137	49.62	0/2
ParC	NC_014844.1	36.434	129	81	1	129	256	1347520	1347906	3.72e-16	83.6	54.26	0/1
ParC	NC_014844.1	62.222	45	17	0	7	51	1347196	1347330	2.08e-07	57.4	75.56	0/1
ParC	NZ_FNGU01000002.1	32.258	248	156	2	7	253	237763	238473	3.87e-34	136	50.40	0/1
ParC	NZ_AECZ01000012.1	36.400	250	151	3	7	256	54115	54840	3.89e-34	136	56.80	0/1
ParC	NC_002939.5	32.800	250	156	2	8	256	121788	122504	3.95e-34	136	51.20	0/3
ParC	NZ_VLLN01000012.1	32.389	247	155	3	8	253	15330	16037	4.29e-34	136	50.20	0/3
ParC	NZ_CP012333.1	34.818	247	147	5	8	253	9075599	9074898	4.52e-34	136	53.85	0/-2
ParC	NZ_CP012333.1	28.440	218	140	5	7	223	10291142	10290534	4.22e-08	59.3	49.08	0/-2
ParC	NZ_CP009788.1	34.000	250	153	3	8	256	3431375	3430659	5.21e-34	136	52.00	0/-3
ParC	NZ_FNIN01000003.1	36.437	247	148	2	7	253	161731	161018	5.25e-34	136	54.25	0/-2
ParC	NZ_LKAQ01000004.1	33.969	262	137	4	8	256	991041	990325	7.27e-34	135	50.38	0/-2
ParC	NZ_LKAQ01000004.1	31.076	251	158	4	7	256	1832644	1831934	5.23e-23	103	46.61	0/-1
ParC	NZ_LKAQ01000004.1	50.000	54	26	1	7	60	2309964	2309806	8.97e-05	48.9	64.81	0/-2
ParC	NZ_JONL01000004.1	34.263	251	151	5	8	256	11233	10517	7.76e-34	135	50.60	0/-1
ParC	NC_016629.1	33.478	230	146	3	8	237	3485658	3484990	7.93e-34	135	57.39	0/-1
ParC	NC_016629.1	32.400	250	157	3	8	256	1187200	1186484	3.40e-31	127	50.00	0/-3
ParC	NZ_JOMG01000002.1	31.452	248	158	2	7	253	1519228	1519938	9.05e-34	135	50.00	0/1
ParC	NZ_JOMG01000002.1	25.781	256	163	7	7	256	1478910	1478206	1.28e-10	67.0	43.75	0/-3
ParC	NZ_JOMG01000002.1	47.541	61	28	2	8	64	684103	683921	5.14e-05	49.7	67.21	0/-2
ParC	NZ_SRSC01000001.1	32.669	251	157	2	7	256	858728	858009	9.77e-34	135	49.00	0/-2
ParC	NZ_FNAQ01000010.1	35.769	260	149	4	1	256	7370	8107	1.02e-33	135	52.31	0/2
ParC	NZ_BLXY01000001.1	32.669	251	157	2	7	256	64408	63689	1.12e-33	135	49.00	0/-2
ParC	NZ_FSRG01000003.1	37.849	251	148	2	7	256	184673	185404	1.20e-33	135	54.58	0/2
ParC	NC_011979.1	34.263	251	153	3	7	256	531315	530596	1.23e-33	135	50.60	0/-3
ParC	NZ_CP015518.1	35.857	251	149	3	7	256	1413569	1414288	1.44e-33	134	52.99	0/2
ParC	NZ_JACHGO010000005.1	36.400	250	153	3	7	256	358624	359355	1.68e-33	134	55.20	0/1
ParC	NZ_CP014230.1	33.603	247	152	3	8	253	777056	776349	1.70e-33	134	51.82	0/-3
ParC	NZ_SSYA01000001.1	32.669	251	157	2	7	256	1125643	1124924	1.76e-33	134	49.00	0/-1
ParC	NC_007498.2	34.661	251	152	3	7	256	3658996	3658277	1.83e-33	134	53.78	0/-1
ParC	NZ_SSYB01000004.1	32.669	251	157	2	7	256	805903	806622	2.11e-33	134	49.00	0/1
ParC	NZ_RAHW01000001.1	32.669	251	157	2	7	256	807557	808276	2.63e-33	134	49.00	0/2
ParC	NZ_JIAK01000015.1	34.940	249	148	4	7	253	14386	13676	3.54e-33	133	51.81	0/-1
ParC	NZ_FNGA01000001.1	31.579	247	157	3	8	253	568275	567568	4.07e-33	133	50.20	0/-2
ParC	NZ_AUCX01000017.1	34.199	231	145	3	7	237	24288	23617	4.29e-33	133	57.14	0/-2
ParC	NC_020304.1	32.258	248	157	4	7	253	1246463	1245750	4.70e-33	133	55.24	0/-3
ParC	NC_020304.1	27.805	205	140	4	9	211	3751746	3752342	8.38e-12	70.5	47.80	0/3
ParC	NZ_FNLL01000002.1	32.661	248	155	3	7	253	186562	185852	4.93e-33	133	53.63	0/-3
ParC	NZ_FNQN01000005.1	31.474	251	160	2	7	256	97126	97845	5.62e-33	133	50.60	0/1
ParC	NZ_JXMS01000001.1	38.800	250	147	3	7	256	2761	3492	5.73e-33	133	57.60	0/1
ParC	NZ_AULY01000007.1	35.857	251	149	3	7	256	774089	774808	1.10e-32	132	52.59	0/2
ParC	NZ_JYNO01000001.1	35.223	247	148	3	8	253	635775	636482	1.11e-32	132	53.44	0/3
ParC	NZ_AUEY01000055.1	32.271	251	158	3	7	256	10650	11369	1.23e-32	132	51.39	0/3
ParC	NC_013173.1	30.769	247	159	3	8	253	3437870	3438577	1.39e-32	132	52.23	0/2
ParC	NC_013173.1	29.365	252	161	4	7	257	1639573	1640280	3.72e-14	77.8	42.46	0/1
ParC	NZ_AP021874.1	33.865	251	154	2	7	256	5874659	5875378	1.65e-32	131	46.61	0/2
ParC	NZ_AP021874.1	28.458	253	169	4	7	256	1570982	1570251	5.76e-20	95.1	47.04	0/-3
ParC	NZ_AP021874.1	27.530	247	164	4	8	253	7230903	7231601	5.35e-18	89.4	46.56	0/3
ParC	NZ_AP021874.1	33.182	220	138	3	1	219	530657	531292	1.81e-17	87.8	44.09	0/2
ParC	NC_018645.1	32.661	248	155	3	7	253	4256963	4256253	1.83e-32	131	53.23	0/-2
ParC	NC_018645.1	26.587	252	168	4	7	257	2138494	2139201	8.54e-12	70.5	42.46	0/1
ParC	NC_018645.1	23.600	250	173	6	8	253	4043826	4044533	2.15e-08	60.1	41.20	0/3
ParC	NZ_AULY01000006.1	36.653	251	151	2	7	256	589536	588805	1.87e-32	131	54.18	0/-2
ParC	NZ_ATUV01000001.1	33.068	251	154	3	7	256	441219	440506	1.92e-32	131	52.19	0/-1
ParC	NZ_JXMS01000013.1	35.857	251	149	3	7	256	82699	83418	2.04e-32	131	52.99	0/1
ParC	NZ_FMYU01000006.1	32.540	252	153	4	7	256	31949	32659	2.07e-32	131	52.38	0/2
ParC	NC_007517.1	31.873	251	159	3	7	256	3828055	3827336	2.37e-32	131	49.80	0/-1
ParC	NZ_CP007051.1	32.540	252	153	4	7	256	719868	719158	2.58e-32	131	52.38	0/-3
ParC	NZ_FRFE01000001.1	31.855	248	157	3	7	253	300117	299407	2.73e-32	131	54.44	0/-3
ParC	NC_011146.1	31.873	251	159	2	7	256	4494679	4493960	2.84e-32	131	49.00	0/-1
ParC	NZ_ATWO01000001.1	33.468	248	153	2	7	253	3820285	3819575	2.95e-32	130	50.40	0/-1
ParC	NZ_ATWO01000001.1	28.175	252	164	6	7	257	1528190	1528897	1.10e-13	76.3	40.87	0/2
ParC	NZ_ATWO01000001.1	27.922	154	101	1	8	161	2292701	2292270	1.74e-07	57.4	43.51	0/-3
ParC	NZ_JABFJV010000393.1	31.873	251	159	3	7	256	7522	6803	3.44e-32	130	51.00	0/-3
ParC	NC_020126.1	32.661	248	155	3	7	253	10318996	10318286	3.57e-32	130	53.63	0/-1
ParC	NC_020126.1	29.046	241	159	3	10	249	789213	789902	5.93e-20	95.1	48.13	0/3
ParC	NZ_MAGO01000003.1	34.127	252	152	4	7	256	208843	209562	4.51e-32	130	53.17	0/1
ParC	NZ_FOIB01000014.1	32.669	251	157	3	7	256	173499	172780	5.26e-32	130	53.39	0/-2
ParC	NZ_RAWK01000111.1	31.873	251	159	3	7	256	7372	6653	5.45e-32	130	51.00	0/-2
ParC	NZ_FSRG01000004.1	35.458	251	150	3	7	256	4411	3692	6.31e-32	130	52.59	0/-2
ParC	NZ_FWZU01000004.1	31.984	247	156	4	8	253	101994	102701	6.68e-32	130	50.61	0/3
ParC	NC_018025.1	31.873	251	159	3	7	256	6498408	6499127	6.69e-32	130	49.80	0/3
ParC	NC_018025.1	28.000	250	167	3	7	253	5572391	5573110	3.88e-22	101	44.00	0/2
ParC	NC_018025.1	28.000	250	172	3	2	249	2838848	2838117	7.12e-17	85.9	46.40	0/-3
ParC	NZ_BLXZ01000002.1	33.468	248	153	3	7	253	289715	289005	7.78e-32	129	49.19	0/-3
ParC	NZ_AUCX01000009.1	31.174	247	158	3	8	253	135430	136137	7.91e-32	129	50.20	0/1
ParC	NZ_ATUG01000002.1	32.661	248	155	3	7	253	1836433	1837143	8.09e-32	129	51.21	0/1
ParC	NZ_CP011125.1	33.065	248	153	4	7	253	4298026	4297319	8.65e-32	129	50.40	0/-3
ParC	NZ_CP011125.1	27.344	256	161	7	7	257	4384632	4385339	1.16e-12	73.2	45.31	0/3
ParC	NZ_FNIN01000009.1	31.452	248	158	3	7	253	3820	3110	8.97e-32	129	49.19	0/-1
ParC	NZ_BLVP01000043.1	31.873	251	159	3	7	256	57380	56661	1.00e-31	129	50.20	0/-3
ParC	NZ_RAWB01000082.1	32.669	251	157	3	7	256	10179	9460	1.20e-31	129	52.99	0/-1
ParC	NC_014365.1	32.271	251	158	3	7	256	1201919	1202638	1.22e-31	129	52.99	0/2
ParC	NC_009483.1	33.865	251	154	3	7	256	4918445	4919164	1.22e-31	129	50.20	0/2
ParC	NZ_AUDC01000010.1	32.661	248	153	5	8	253	417304	416597	1.24e-31	129	51.21	0/-1
ParC	NZ_CP010311.1	30.612	245	158	2	10	253	3468018	3467317	1.29e-31	129	49.39	0/-3
ParC	NC_009943.1	34.661	251	152	3	7	256	1939969	1940688	1.46e-31	129	54.98	0/1
ParC	NC_009943.1	33.202	253	157	5	7	256	1876899	1877630	7.77e-23	103	47.43	0/3
ParC	NC_009943.1	30.040	253	165	5	7	257	3140619	3141347	1.36e-15	82.0	43.08	0/3
ParC	NZ_RAVZ01000088.1	32.669	251	157	3	7	256	22927	23646	1.47e-31	129	52.99	0/1
ParC	NZ_FORX01000003.1	30.769	247	159	3	8	253	302930	303637	1.48e-31	129	51.42	0/2
ParC	NZ_RAWG01000182.1	32.669	251	157	3	7	256	18941	18222	1.49e-31	129	52.99	0/-2
ParC	NZ_JADBGG010000003.1	30.769	247	159	3	8	253	147348	146641	1.60e-31	129	51.42	0/-1
ParC	NZ_FOTO01000002.1	30.769	247	159	3	8	253	89623	90330	1.60e-31	129	51.42	0/1
ParC	NZ_JQKJ01000009.1	32.258	248	156	2	7	253	72707	73417	1.68e-31	129	50.00	0/2
ParC	NZ_JQKJ01000009.1	26.203	187	120	3	7	190	34934	35449	3.61e-08	59.7	42.25	0/2
ParC	NZ_SOBK01000007.1	32.950	261	141	3	8	256	23306	24022	1.95e-31	128	49.04	0/2
ParC	NZ_RAWI01000149.1	31.474	251	160	3	7	256	8235	7516	2.10e-31	128	50.60	0/-3
ParC	NZ_AUCV01000017.1	31.452	248	158	3	7	253	38905	38195	2.18e-31	128	54.03	0/-3
ParC	NZ_BLXX01000002.1	33.065	248	154	3	7	253	358502	357792	2.19e-31	128	48.79	0/-2
ParC	NZ_APJX01000003.1	33.065	248	154	2	7	253	325067	325777	2.28e-31	128	50.00	0/2
ParC	NZ_APJX01000008.1	33.065	248	154	2	7	253	158788	159498	2.30e-31	128	50.00	0/1
ParC	NZ_CP022163.1	32.271	251	158	3	7	256	3921982	3921263	2.71e-31	128	54.58	0/-1
ParC	NZ_CP022163.1	27.309	249	169	3	10	257	4896442	4897155	5.75e-17	86.3	46.59	0/1
ParC	NZ_LT907975.1	33.206	262	139	4	8	256	2000169	2000885	3.21e-31	128	49.24	0/3
ParC	NZ_RAWE01000112.1	30.677	251	162	3	7	256	927	208	3.26e-31	127	49.80	0/-2
ParC	NZ_AUBQ01000003.1	33.984	256	142	4	7	256	148328	147624	3.27e-31	128	47.66	0/-2
ParC	NZ_AUBQ01000003.1	32.500	240	146	4	10	249	573102	573773	1.00e-26	115	47.08	0/3
ParC	NC_013223.1	31.579	247	157	3	8	253	733	1440	3.27e-31	128	50.61	0/1
ParC	NC_013223.1	33.465	254	152	4	6	256	1322916	1322197	1.29e-22	102	48.03	0/-1
ParC	NZ_CP041186.1	34.109	258	144	4	7	256	131859	131140	3.37e-31	127	51.55	0/-2
ParC	NZ_CP041186.1	30.980	255	164	6	7	257	6548985	6549725	3.91e-15	80.9	46.27	0/3
ParC	NZ_CP041186.1	30.000	260	150	6	7	257	7145884	7146594	1.37e-14	79.0	46.92	0/1
ParC	NZ_QUMU01000006.1	32.271	251	158	3	7	256	204659	203940	3.63e-31	127	55.38	0/-3
ParC	NZ_LBMP01000004.1	33.068	251	156	3	7	256	134344	135063	4.23e-31	127	50.60	0/1
ParC	NZ_AUAR01000002.1	31.579	247	157	3	8	253	90371	91078	5.35e-31	127	49.80	0/2
ParC	NC_022436.1	35.496	262	141	5	1	256	28318	27599	5.38e-31	127	48.85	0/-2
ParC	NZ_FUYC01000013.1	33.871	248	150	4	8	253	26431	25724	5.73e-31	127	53.23	0/-3
ParC	NZ_BDQG01000001.1	31.474	251	160	2	7	256	3644129	3644848	6.07e-31	127	48.61	0/2
ParC	NZ_AP023213.1	31.474	251	160	2	7	256	4363475	4362756	6.07e-31	127	48.61	0/-3
ParC	NZ_FZOC01000003.1	33.588	262	138	4	8	256	58275	57559	6.99e-31	127	48.85	0/-3
ParC	NZ_RAWM01000036.1	32.271	251	158	3	7	256	962	243	7.20e-31	127	52.99	0/-3
ParC	NZ_JAAAPK010000012.1	32.271	251	158	3	7	256	155975	155256	8.37e-31	126	52.99	0/-1
ParC	NZ_NETK01000002.1	34.137	249	152	3	7	253	383923	383207	8.46e-31	126	52.21	0/-2
ParC	NC_017030.1	31.076	251	161	3	7	256	10050103	10049384	1.00e-30	126	50.60	0/-1
ParC	NC_017030.1	28.916	249	165	3	10	257	649898	650611	2.86e-20	95.9	47.79	0/2
ParC	NZ_FQZU01000076.1	33.865	251	154	4	7	256	8084	8803	1.37e-30	126	51.00	0/2
ParC	NZ_FOAP01000003.1	33.065	248	154	3	7	253	505316	506026	1.54e-30	125	54.03	0/2
ParC	NZ_BCAG01000003.1	32.669	251	157	3	7	256	2114922	2114203	1.63e-30	125	49.00	0/-3
ParC	NZ_BCAG01000003.1	29.389	262	167	5	1	256	1776623	1775874	4.27e-24	107	47.33	0/-1
ParC	NZ_BCAG01000003.1	27.935	247	165	3	7	253	1937328	1936627	2.31e-21	99.4	46.96	0/-3
ParC	NZ_BCAG01000003.1	29.365	252	166	5	7	256	2121173	2121898	1.38e-16	85.1	44.05	0/2
ParC	NZ_QMIE01000010.1	32.000	250	158	3	8	256	99277	98561	1.72e-30	125	50.80	0/-2
ParC	NZ_MDSU01000018.1	31.349	252	156	4	7	256	180658	181368	1.74e-30	125	51.98	0/1
ParC	NZ_FMXO01000004.1	34.274	248	151	3	10	256	46901	47611	1.84e-30	125	52.42	0/2
ParC	NZ_JAFN01000001.1	34.008	247	151	2	8	253	3180021	3179314	2.01e-30	125	48.58	0/-3
ParC	NZ_KE387006.1	31.873	251	159	3	7	256	104870	105589	2.29e-30	125	52.99	0/2
ParC	NZ_JNJA01000002.1	36.111	252	149	3	7	256	154029	154754	2.38e-30	125	54.37	0/3
ParC	NZ_MPIN01000010.1	31.873	251	159	3	7	256	259594	258875	2.40e-30	125	54.18	0/-1
ParC	NZ_AULM01000001.1	31.474	251	160	3	4	253	56443	57162	2.72e-30	125	47.81	0/1
ParC	NZ_ANAH02000004.1	31.855	248	157	3	7	253	269389	268679	2.88e-30	125	54.44	0/-3
ParC	NZ_CP016211.1	32.677	254	157	4	4	256	3208564	3207842	2.97e-30	125	50.39	0/-2
ParC	NZ_CP016211.1	28.879	232	148	5	7	237	3222070	3222717	3.97e-16	83.6	48.28	0/1
ParC	NZ_CP016211.1	30.932	236	145	6	8	239	10117099	10116434	1.18e-15	82.4	45.34	0/-2
ParC	NC_011768.1	31.076	251	161	2	7	256	4691799	4691080	3.02e-30	125	47.41	0/-3
ParC	NC_011768.1	27.668	253	170	4	7	256	683536	684264	1.55e-17	87.8	47.04	0/1
ParC	NC_011768.1	32.124	193	113	7	1	188	6330552	6331091	2.31e-10	66.2	48.19	0/3
ParC	NZ_SSMQ01000004.1	33.205	259	145	4	6	256	122725	123441	3.97e-30	124	49.03	0/1
ParC	NZ_SSMQ01000004.1	29.717	212	133	4	7	217	112710	112120	2.83e-17	87.0	50.47	0/-2
ParC	NZ_AP021876.1	33.466	251	155	3	7	256	3617763	3617044	4.14e-30	124	46.22	0/-1
ParC	NZ_AP021876.1	28.854	253	168	4	7	256	767912	768643	9.90e-21	97.4	45.06	0/2
ParC	NZ_AP021876.1	26.378	254	160	3	7	253	468014	468715	1.29e-16	85.1	44.49	0/2
ParC	NZ_AP021876.1	26.482	253	171	4	7	256	1465744	1466466	1.28e-13	76.3	47.04	0/1
ParC	NZ_AP021876.1	26.482	253	171	4	7	256	4326238	4325516	7.75e-13	73.9	46.64	0/-3
ParC	NZ_AP021876.1	27.547	265	168	6	1	257	448874	449620	8.41e-13	73.6	39.62	0/2
ParC	NZ_AP021876.1	50.909	55	27	0	7	61	7656517	7656353	3.82e-06	53.1	63.64	0/-3
ParC	NC_014216.1	30.233	258	166	4	2	253	2326092	2325343	4.22e-30	124	48.45	0/-3
ParC	NC_014216.1	29.762	252	160	5	7	257	1000952	1000245	5.35e-15	80.1	43.25	0/-1
ParC	NZ_JPMI01000175.1	31.474	251	160	3	7	256	43337	42618	4.48e-30	124	55.38	0/-2
ParC	NZ_FRDI01000010.1	32.271	251	157	4	7	256	46981	47697	4.87e-30	124	49.80	0/1
ParC	NZ_KE150238.1	34.263	251	153	4	7	256	1572812	1572093	5.45e-30	124	49.40	0/-2
ParC	NZ_KE150238.1	34.274	248	150	3	7	253	175331	176038	1.06e-25	112	49.60	0/2
ParC	NZ_KE150238.1	35.484	124	80	0	130	253	2690825	2690454	2.05e-12	72.4	47.58	0/-2
ParC	NZ_KE150238.1	52.459	61	28	1	6	65	2691129	2690947	4.39e-09	62.4	70.49	0/-1
ParC	NC_010162.1	32.669	251	155	4	4	253	4321538	4320825	6.22e-30	124	50.20	0/-2
ParC	NC_010162.1	29.245	212	134	4	7	217	4331638	4332228	1.83e-15	81.6	50.47	0/1
ParC	NC_010162.1	29.536	237	149	6	7	239	9854242	9853574	1.43e-14	79.0	45.57	0/-3
ParC	NZ_CP012159.1	32.932	249	153	5	6	253	6536404	6537111	9.63e-30	123	51.00	0/1
ParC	NZ_CP012159.1	30.660	212	131	4	7	217	6526720	6526130	9.06e-17	85.5	50.94	0/-3
ParC	NZ_CP012159.1	48.837	43	22	0	7	49	661929	662057	3.27e-05	50.4	76.74	0/3
ParC	NC_015318.1	31.907	257	157	6	1	256	992085	991366	1.09e-29	123	52.14	0/-1
ParC	NZ_BEXT01000001.1	33.597	253	154	4	7	256	6533175	6533900	1.13e-29	123	49.41	0/3
ParC	NZ_JACDUS010000001.1	32.400	250	157	2	8	256	141096	140380	1.17e-29	123	47.60	0/-1
ParC	NZ_KE383876.1	33.205	259	137	4	8	253	240735	241442	1.31e-29	123	47.88	0/3
ParC	NZ_AQXE01000004.1	30.385	260	147	3	9	256	13739	13026	1.70e-29	123	48.85	0/-3
ParC	NZ_WAIE01000006.1	32.000	250	158	3	8	256	98804	99520	1.96e-29	122	51.20	0/2
ParC	NZ_CABKOD010000039.1	31.048	248	159	2	7	253	146436	145726	3.50e-29	122	47.58	0/-1
ParC	NZ_FQXS01000013.1	33.068	251	156	3	7	256	62822	63541	3.55e-29	122	48.61	0/2
ParC	NZ_ASRX01000096.1	32.129	249	155	5	6	253	36929	37636	3.94e-29	122	50.20	0/2
ParC	NZ_ASRX01000096.1	29.717	212	133	4	7	217	27076	26486	3.77e-16	83.6	50.94	0/-1
ParC	NZ_FOBS01000004.1	30.620	258	165	4	1	256	11666	10929	4.38e-29	121	50.00	0/-1
ParC	NZ_JMCB01000006.1	31.452	248	158	3	7	253	815781	816491	4.97e-29	121	52.42	0/3
ParC	NZ_VDMB01000024.1	33.466	251	155	3	7	256	37931	38650	5.00e-29	121	49.00	0/2
ParC	NZ_LT706952.1	30.677	251	162	3	7	256	1261827	1262546	5.41e-29	121	47.81	0/3
ParC	NZ_KI867150.1	31.452	248	158	3	7	253	1070489	1071199	6.30e-29	121	52.02	0/2
ParC	NZ_WJIE01000001.1	33.333	249	152	4	6	253	1177464	1178171	6.80e-29	121	52.21	0/3
ParC	NZ_WJIE01000001.1	31.401	207	123	5	7	209	1167611	1167036	3.20e-16	84.0	51.21	0/-1
ParC	NC_008609.1	31.855	248	157	2	7	253	623197	623907	7.41e-29	121	49.60	0/1
ParC	NC_008609.1	48.077	52	26	1	7	58	2467215	2467063	5.76e-05	49.7	63.46	0/-1
ParC	NZ_AUCY01000013.1	31.076	251	159	4	7	256	29099	29812	8.49e-29	120	48.61	0/2
ParC	NZ_CP016908.1	32.283	254	156	4	7	256	477991	477266	8.78e-29	120	49.61	0/-2
ParC	NZ_CP016908.1	27.711	249	163	5	7	254	1158846	1158148	1.45e-14	79.0	46.18	0/-3
ParC	NZ_CP015381.1	32.016	253	158	3	7	256	1185717	1186442	9.04e-29	120	47.43	0/3
ParC	NZ_AP021875.1	32.271	251	158	2	7	256	6184168	6184887	9.21e-29	120	45.82	0/1
ParC	NZ_AP021875.1	31.225	253	162	4	7	256	1552805	1552074	1.18e-23	105	46.64	0/-1
ParC	NZ_AP021875.1	30.677	251	164	4	7	256	1302286	1301561	7.35e-18	89.0	42.63	0/-2
ParC	NZ_AP021875.1	27.273	253	169	4	7	256	5278090	5277368	4.25e-15	80.5	47.43	0/-2
ParC	NZ_AP021875.1	29.134	127	90	0	127	253	7212682	7213062	1.06e-12	73.6	52.76	0/1
ParC	NZ_KE386985.1	31.048	248	159	2	7	253	144017	143307	1.07e-28	120	46.37	0/-3
ParC	NZ_VRYY01000265.1	31.048	248	159	2	10	256	4704	3994	1.49e-28	120	48.39	0/-3
ParC	NZ_BDFE01000015.1	30.769	247	159	3	8	253	213536	214243	1.58e-28	120	48.58	0/2
ParC	NZ_ARWE01000001.1	29.880	251	164	2	7	256	4071094	4070375	1.84e-28	120	47.41	0/-3
ParC	NZ_FUWR01000004.1	34.274	248	151	3	7	253	95521	96231	1.92e-28	120	51.61	0/1
ParC	NZ_JYNP01000033.1	29.555	247	162	3	8	253	37093	37800	2.02e-28	119	48.18	0/1
ParC	NZ_JAEX01000010.1	29.600	250	158	3	8	253	92319	93026	2.55e-28	119	48.00	0/3
ParC	NZ_FOIJ01000016.1	32.258	248	156	3	7	253	169488	170198	2.89e-28	119	53.23	0/3
ParC	NZ_VLLC01000008.1	33.466	251	155	3	7	256	16717	17436	3.42e-28	119	48.61	0/1
ParC	NZ_JAATWC010000001.1	34.274	248	148	4	8	253	56364	57068	3.54e-28	119	52.42	0/3
ParC	NZ_JACHGO010000006.1	30.645	248	160	3	7	253	38467	37757	3.60e-28	119	47.58	0/-3
ParC	NZ_JNJA01000028.1	34.375	256	144	5	7	256	4507	3794	3.77e-28	119	48.83	0/-1
ParC	NZ_CP021255.1	32.271	251	157	4	7	256	652967	652251	3.93e-28	119	52.19	0/-1
ParC	NZ_ATUZ01000014.1	30.242	248	161	3	7	253	236873	237583	4.39e-28	119	47.98	0/2
ParC	NZ_JPIK01000012.1	30.769	247	159	3	8	253	115377	116084	4.83e-28	119	47.37	0/3
ParC	NC_013440.1	29.482	251	165	2	7	256	6274972	6274253	4.98e-28	118	45.82	0/-1
ParC	NC_013440.1	28.916	249	164	4	10	257	6387548	6388258	1.23e-20	97.1	48.19	0/2
ParC	NC_013440.1	31.466	232	142	5	8	234	148064	147405	4.82e-17	86.3	48.28	0/-3
ParC	NC_013440.1	24.576	236	160	4	8	239	9353345	9354010	5.47e-07	55.8	39.41	0/2
ParC	NZ_LBMP01000005.1	30.279	251	160	3	7	256	440503	439793	5.79e-28	118	47.81	0/-1
ParC	NZ_SIXC01000004.1	30.645	248	160	3	7	253	155922	156632	6.98e-28	118	47.98	0/3
ParC	NZ_CM001488.1	33.065	248	154	2	7	253	3337699	3336989	9.30e-28	117	51.61	0/-3
ParC	NZ_CM001488.1	27.309	249	162	4	11	257	2080524	2081219	4.59e-13	74.3	40.16	0/3
ParC	NZ_CM001488.1	24.506	253	169	5	7	256	2876442	2877143	6.75e-10	64.7	39.13	0/3
ParC	NZ_FNJI01000073.1	27.823	248	167	2	7	253	6169	5459	9.61e-28	117	49.19	0/-2
ParC	NZ_ATHI01000010.1	33.468	248	151	4	8	253	13307	12600	9.62e-28	117	50.81	0/-1
ParC	NZ_PVNL01000050.1	32.432	259	161	4	2	256	18124	18870	1.58e-27	117	51.35	0/1
ParC	NZ_JQLX01000012.1	32.669	251	153	5	7	256	94607	95314	1.82e-27	117	51.00	0/2
ParC	NZ_CP036313.1	32.661	248	155	2	7	253	4345728	4345018	1.84e-27	117	50.40	0/-3
ParC	NZ_CP036313.1	25.806	248	163	7	7	252	704217	703531	1.67e-08	60.5	41.94	0/-3
ParC	NZ_BBCB01000013.1	30.798	263	144	4	8	256	34199	34915	2.83e-27	116	48.29	0/2
ParC	NC_010814.1	33.871	248	152	3	7	253	3396968	3396258	3.04e-27	116	51.61	0/-3
ParC	NC_007759.1	29.845	258	167	4	1	256	3177743	3178480	3.37e-27	116	49.22	0/2
ParC	NC_011891.1	33.603	247	151	4	8	253	5025215	5024511	6.42e-27	115	51.42	0/-2
ParC	NC_011891.1	31.120	241	154	3	10	249	4430495	4429806	4.79e-18	89.4	48.96	0/-2
ParC	NC_011891.1	27.823	248	166	4	7	252	1113348	1114058	3.96e-13	74.7	43.95	0/3
ParC	NZ_FQVB01000009.1	32.677	254	153	5	7	256	5795	6514	9.60e-27	115	46.85	0/2
ParC	NZ_FUYA01000015.1	29.200	250	159	3	8	253	4720	4013	1.39e-26	114	47.20	0/-1
ParC	NC_008554.1	31.325	249	158	3	7	253	3217719	3218432	1.44e-26	114	46.59	0/3
ParC	NZ_FWXF01000008.1	31.873	251	159	3	7	256	99229	99948	1.60e-26	114	50.60	0/1
ParC	NZ_FOUU01000001.1	31.474	251	157	3	7	256	523681	524391	1.85e-26	114	46.22	0/1
ParC	NZ_JNJA01000001.1	28.745	247	164	2	8	253	372581	371874	2.22e-26	114	48.18	0/-3
ParC	NZ_JAATJA010000002.1	31.200	250	154	4	8	253	51989	52696	2.32e-26	114	50.80	0/2
ParC	NZ_FWXY01000008.1	31.873	251	159	2	7	256	155804	156523	3.32e-26	113	48.21	0/2
ParC	NZ_AECZ01000008.1	29.200	250	165	2	8	256	100550	101266	4.71e-26	112	47.20	0/2
ParC	NC_020409.1	32.463	268	133	6	8	256	2350621	2351337	5.19e-26	112	47.76	0/1
ParC	NC_020409.1	34.884	129	83	1	129	256	2314206	2313820	2.79e-13	75.1	50.39	0/-1
ParC	NC_020409.1	56.818	44	19	0	8	51	2314527	2314396	1.31e-05	51.6	72.73	0/-1
ParC	NC_020128.1	28.400	250	160	5	7	253	26013	26714	8.05e-26	112	48.00	0/3
ParC	NZ_WVUD01000007.1	28.800	250	166	3	8	256	46587	45871	8.86e-26	112	49.60	0/-3
ParC	NZ_CP030032.1	33.068	251	156	2	7	256	2248490	2247771	1.35e-25	111	49.80	0/-3
ParC	NZ_CP030032.1	30.620	258	161	7	7	257	2230626	2229886	1.15e-14	79.3	46.90	0/-2
ParC	NZ_CP030032.1	29.921	254	157	6	7	257	3808804	3808097	6.07e-14	77.0	47.64	0/-1
ParC	NZ_RJVA01000001.1	30.677	251	161	3	7	256	89270	88554	2.17e-25	110	45.02	0/-2
ParC	NZ_AUBP01000007.1	30.800	250	161	3	8	256	50261	49545	2.18e-25	110	50.40	0/-1
ParC	NZ_JACDUS010000002.1	29.644	253	166	4	7	256	448360	447629	8.49e-24	106	46.25	0/-2
ParC	NZ_CP022203.1	30.645	248	160	3	7	253	8923074	8922364	1.01e-23	106	53.63	0/-3
ParC	NZ_CP022203.1	29.876	241	157	3	10	249	763218	763907	6.39e-20	95.1	47.30	0/3
ParC	NZ_KE386885.1	29.960	247	161	3	8	253	318933	319640	1.05e-23	105	50.20	0/3
ParC	NZ_CP012109.1	30.677	251	162	3	7	256	8679497	8680216	1.13e-23	105	53.39	0/2
ParC	NZ_CP012109.1	29.876	241	157	3	10	249	7867512	7866823	5.66e-20	95.1	47.30	0/-2
ParC	NZ_FRFE01000031.1	29.880	251	163	4	7	256	3739	4455	1.24e-23	105	49.40	0/1
ParC	NZ_SOBK01000011.1	33.466	251	152	3	7	256	105910	105200	1.29e-23	105	47.81	0/-3
ParC	NZ_FNAJ01000006.1	30.677	251	162	3	7	256	375884	376603	1.35e-23	105	53.39	0/2
ParC	NC_008095.1	30.677	251	162	3	7	256	9104215	9103496	2.08e-23	105	53.39	0/-2
ParC	NC_008095.1	29.876	241	157	3	10	249	734431	735120	5.66e-20	95.1	47.30	0/1
ParC	NZ_ATVA01000014.1	33.468	248	151	4	8	253	67144	67851	5.08e-23	103	52.42	0/1
ParC	NZ_JACHEO010000004.1	30.279	251	164	2	7	256	160448	159726	5.95e-23	103	47.41	0/-1
ParC	NZ_CP012332.1	30.705	241	155	4	10	249	3080708	3080019	8.30e-23	103	51.45	0/-3
ParC	NZ_CP012332.1	33.858	127	83	1	131	256	3789817	3790197	1.20e-17	88.2	57.48	0/1
ParC	NZ_CP012332.1	26.721	247	164	5	7	249	684170	684871	2.06e-14	78.6	43.32	0/2
ParC	NZ_CP012332.1	54.386	57	26	0	7	63	3789481	3789651	5.89e-10	65.1	70.18	0/1
ParC	NZ_JABBJJ010000181.1	31.452	248	158	3	7	253	24353	25063	1.70e-22	102	52.82	0/2
ParC	NZ_AUBP01000027.1	31.102	254	158	4	1	253	109246	109959	7.53e-22	100	46.46	0/1
ParC	NZ_CP010312.1	27.600	250	167	3	7	254	110850	111563	1.29e-21	100	45.20	0/3
ParC	NZ_WAIE01000011.1	27.778	252	168	4	6	256	27385	26669	5.72e-21	97.8	44.84	0/-2
ParC	NZ_RAWI01000710.1	28.916	249	165	3	10	257	484	1197	7.16e-21	97.4	48.19	0/1
ParC	NZ_RAWK01000010.1	28.916	249	165	3	10	257	47185	47898	8.12e-21	97.4	48.19	0/1
ParC	NZ_RAWB01000293.1	28.916	249	165	3	10	257	12050	11337	8.54e-21	97.4	48.19	0/-2
ParC	NZ_RAVZ01000041.1	28.916	249	165	3	10	257	8631	9344	1.06e-20	97.1	48.19	0/3
ParC	NZ_RAWG01000075.1	28.916	249	165	3	10	257	22072	22785	1.31e-20	97.1	48.19	0/1
ParC	NC_008607.1	31.818	242	154	4	7	247	161060	161755	1.32e-20	97.1	49.17	0/2
ParC	NZ_JABFJV010000026.1	28.916	249	165	3	10	257	5922	5209	1.76e-20	96.7	47.79	0/-2
ParC	NZ_RAWE01000054.1	28.916	249	165	3	10	257	13293	12580	1.83e-20	96.7	47.79	0/-2
ParC	NZ_RAWM01000043.1	28.916	249	165	3	10	257	1520	807	2.65e-20	95.9	47.79	0/-3
ParC	NZ_KE386883.1	28.571	252	169	4	7	256	1996	2724	3.02e-20	95.9	46.43	0/1
ParC	NZ_JAAAPK010000001.1	28.916	249	165	3	10	257	520473	521186	3.25e-20	95.9	47.79	0/3
ParC	NZ_FNAJ01000001.1	29.876	241	157	3	10	249	1204005	1203316	6.39e-20	95.1	47.30	0/-3
ParC	NZ_FOIB01000001.1	29.046	241	159	3	10	249	606247	606936	9.12e-20	94.4	48.13	0/1
ParC	NZ_JABBJJ010000494.1	29.461	241	158	3	10	249	436	1125	9.49e-20	94.4	47.30	0/1
ParC	NZ_JMKT01000011.1	28.968	252	165	6	7	254	234487	235212	9.99e-20	94.4	48.41	0/1
ParC	NZ_BBCC01000011.1	29.644	253	166	4	7	256	42886	43617	1.16e-19	94.0	44.66	0/1
ParC	NZ_SOBK01000001.1	27.165	254	169	6	7	256	327652	328377	1.18e-19	94.0	47.64	0/1
ParC	NZ_AULM01000044.1	34.483	174	101	3	7	180	2652	3134	7.14e-19	91.7	55.17	0/3
ParC	NZ_BBCC01000065.1	27.519	258	158	4	7	256	3533	4243	7.59e-19	91.7	46.12	0/2
ParC	NZ_JACADJ010000026.1	27.711	249	168	3	9	256	34478	33765	9.66e-19	91.3	46.18	0/-2
ParC	NC_013224.1	29.389	262	163	6	7	256	2850	3605	1.08e-18	91.3	43.51	0/3
ParC	NC_013224.1	80.556	36	7	0	10	45	46	153	1.86e-07	57.4	80.56	0/1
ParC	NC_013224.1	77.778	36	8	0	10	45	7005	7112	4.21e-07	56.2	77.78	0/3
ParC	NZ_JMCB01000002.1	29.046	241	159	3	10	249	9865	10554	1.12e-18	91.3	48.13	0/1
ParC	NC_012797.1	30.196	255	164	5	7	256	56	793	1.20e-18	91.3	46.67	0/2
ParC	NC_012797.1	56.098	41	18	0	8	48	52757	52879	7.52e-05	49.3	70.73	0/2
ParC	NZ_CP026539.1	30.196	255	164	5	7	256	56	793	1.21e-18	91.3	46.67	0/2
ParC	NZ_CP026539.1	56.098	41	18	0	8	48	126736	126858	7.42e-05	49.3	70.73	0/1
ParC	NZ_WVUD01000038.1	29.921	254	164	5	8	256	24965	24231	2.09e-18	90.5	46.46	0/-1
ParC	NZ_QUMU01000004.1	27.309	249	169	3	10	257	749639	748926	3.06e-18	90.1	46.99	0/-1
ParC	NZ_JONL01000012.1	28.287	251	165	4	7	257	43263	42556	3.15e-18	89.7	42.23	0/-2
ParC	NZ_ANAH02000014.1	27.711	249	168	3	10	257	109316	110029	3.78e-18	89.7	46.99	0/2
ParC	NZ_JPMI01000167.1	26.506	249	171	3	10	257	2242	2955	5.52e-18	89.4	46.99	0/1
ParC	NZ_FQZU01000028.1	27.668	253	170	4	7	256	7909	7181	8.78e-18	88.6	47.43	0/-3
ParC	NZ_MPIN01000015.1	27.309	249	169	3	10	257	97027	97740	1.36e-17	88.2	46.99	0/1
ParC	NZ_BBCC01000312.1	37.008	127	79	1	131	256	947	1327	3.32e-17	86.7	55.12	0/2
ParC	NZ_BBCC01000312.1	53.571	56	26	0	7	62	610	777	6.29e-09	61.6	66.07	0/1
ParC	NZ_FUYA01000012.1	27.953	254	178	5	7	256	2410	1652	3.38e-17	86.7	46.06	0/-3
ParC	NZ_FOAP01000017.1	29.046	241	159	3	10	249	19866	20555	3.53e-17	86.7	47.72	0/3
ParC	NZ_FOIJ01000018.1	29.046	241	159	3	10	249	10061	10750	3.84e-17	86.7	47.72	0/2
ParC	NZ_LT907976.1	30.159	252	160	5	7	256	24414	25127	6.21e-17	85.9	42.86	0/3
ParC	NZ_AP017379.1	28.571	252	164	4	8	256	22587	23303	1.01e-16	85.5	46.03	0/3
ParC	NZ_JNJA01000030.1	27.027	259	165	7	7	256	11013	10282	1.37e-16	85.1	44.02	0/-2
ParC	NZ_FMXO01000022.1	29.412	238	155	7	1	234	46541	45855	1.55e-16	84.7	47.90	0/-2
ParC	NC_018026.1	31.841	201	124	5	7	204	7179	7751	1.88e-16	84.7	50.75	0/3
ParC	NZ_WJIE01000003.1	31.381	239	142	6	7	239	915630	914962	2.11e-16	84.3	46.44	0/-1
ParC	NZ_RJVA01000013.1	28.685	251	164	3	7	257	311592	312299	2.47e-16	84.3	43.82	0/3
ParC	NZ_SSMQ01000024.1	31.381	239	142	6	7	239	24944	24276	2.65e-16	84.3	46.44	0/-3
ParC	NZ_ATUG01000004.1	25.000	260	183	5	2	256	24724	23966	1.79e-15	81.6	39.62	0/-3
ParC	NC_020129.1	31.492	181	98	3	7	182	38720	39199	2.05e-15	81.6	44.75	0/2
ParC	NZ_ACJN02000004.1	27.490	251	171	6	7	253	244175	243444	2.28e-15	81.3	45.02	0/-1
ParC	NC_012109.1	27.237	257	172	6	7	256	208	954	2.37e-15	81.3	43.19	0/1
ParC	NZ_BBCC01000353.1	27.843	255	171	6	7	256	3131	2391	2.90e-15	80.9	46.27	0/-2
ParC	NZ_FWXF01000011.1	28.685	251	164	3	7	257	42178	41471	3.35e-15	80.9	43.03	0/-1
ParC	NZ_JADBGG010000012.1	28.287	251	165	3	7	257	71350	72057	4.68e-15	80.5	43.43	0/1
ParC	NZ_FOTO01000005.1	28.287	251	165	3	7	257	152710	153417	4.69e-15	80.5	43.43	0/1
ParC	NZ_FORX01000019.1	28.287	251	165	3	7	257	55829	55122	5.13e-15	80.5	43.43	0/-2
ParC	NZ_AUAR01000013.1	28.685	251	164	3	7	257	27123	26416	8.70e-15	79.7	42.23	0/-2
ParC	NZ_ASRX01000011.1	30.962	239	141	7	8	239	113691	114356	9.21e-15	79.7	46.44	0/3
ParC	NZ_KN882179.1	25.794	252	173	6	7	254	8260	7535	9.45e-15	79.7	45.63	0/-2
ParC	NZ_KE150241.1	25.692	253	179	4	7	256	979	239	1.63e-14	79.0	43.48	0/-2
ParC	NZ_BEXT01000008.1	27.039	233	154	4	4	233	3037	2378	1.83e-14	78.6	44.64	0/-1
ParC	NC_012795.1	28.405	257	164	6	7	256	115	846	1.95e-14	78.6	43.97	0/1
ParC	NC_020130.1	26.641	259	166	7	7	256	114761	115492	2.36e-14	78.2	42.47	0/2
ParC	NZ_KE150239.1	26.217	267	157	9	7	256	669228	669959	5.13e-14	77.4	41.95	0/3
ParC	NZ_MPIN01000025.1	24.803	254	168	4	8	253	39524	40240	7.81e-14	76.6	41.34	0/2
ParC	NC_015388.1	32.673	202	120	3	7	204	2402920	2402351	1.38e-13	75.9	50.99	0/-2
ParC	NZ_BBCC01000025.1	26.877	253	170	4	7	256	42502	43224	1.68e-13	75.9	46.25	0/1
ParC	NZ_ABCS01000008.1	31.452	124	84	1	131	253	41756	42127	2.00e-13	75.5	57.26	0/2
ParC	NZ_ABCS01000008.1	54.237	59	27	0	7	65	41378	41554	1.00e-09	64.3	66.10	0/2
ParC	NZ_CM001369.1	25.882	255	179	4	4	256	62013	62753	2.11e-13	75.5	41.96	0/3
ParC	NZ_CM001369.1	26.667	255	169	7	7	256	20902	20177	9.21e-12	70.5	44.31	0/-1
ParC	NZ_JNJA01000011.1	27.344	256	174	5	4	256	87441	88181	2.76e-13	75.1	42.97	0/3
ParC	NZ_FQVB01000007.1	27.490	251	167	3	7	257	63181	62474	4.41e-13	74.3	42.23	0/-2
ParC	NZ_CM001370.1	27.237	257	173	5	4	256	6621	7361	5.07e-13	74.3	42.41	0/3
ParC	NZ_WVUD01000082.1	26.906	223	149	5	6	225	4782	4147	5.10e-13	74.3	48.43	0/-1
ParC	NZ_BBCC01000006.1	28.571	252	171	6	8	257	11105	10371	8.42e-13	73.6	44.44	0/-2
ParC	NZ_LBMP01000002.1	30.622	209	129	2	12	219	382373	382954	8.80e-13	73.6	41.63	0/2
ParC	NZ_JNJA01000006.1	28.862	246	160	3	11	256	141534	140842	9.63e-13	73.6	39.84	0/-2
ParC	NZ_FNLL01000005.1	26.984	252	167	4	7	257	149415	148708	1.34e-12	73.2	42.86	0/-1
ParC	NZ_AECZ01000015.1	25.896	251	176	5	8	256	64376	63648	1.40e-12	73.2	41.83	0/-1
ParC	NZ_AECZ01000015.1	28.000	200	124	5	8	200	60278	59718	9.00e-08	58.2	43.00	0/-1
ParC	NZ_AP021877.1	25.882	255	174	6	8	256	90901	91638	2.06e-12	72.4	43.53	0/1
ParC	NZ_AUEY01000063.1	24.786	234	155	9	7	230	2632	1964	2.40e-12	72.4	49.57	0/-2
ParC	NZ_FQVB01000056.1	24.615	260	185	5	2	256	6359	7120	3.05e-12	72.0	45.00	0/2
ParC	NZ_AUEY01000141.1	23.643	258	184	5	4	256	1298	2047	4.40e-12	71.2	42.25	0/2
ParC	NZ_FQXS01000011.1	30.412	194	120	3	7	200	63198	62662	5.23e-12	71.2	44.85	0/-2
ParC	NZ_JNJA01000003.1	29.762	252	156	4	7	257	20504	21199	7.85e-12	70.9	41.27	0/2
ParC	NZ_LT828542.1	25.197	254	179	5	7	256	66930	66190	9.52e-12	70.5	43.70	0/-3
ParC	NZ_FNQN01000004.1	24.800	250	167	5	7	253	192875	193570	2.05e-11	69.3	42.00	0/2
ParC	NZ_AUEY01000114.1	25.301	249	177	6	7	253	4029	3304	6.31e-11	67.8	42.17	0/-3
ParC	NZ_WVUD01000005.1	27.734	256	158	4	7	256	43743	43039	6.33e-11	68.2	37.50	0/-2
ParC	NZ_FQZU01000046.1	30.049	203	127	4	7	209	8300	7737	6.50e-11	67.8	43.35	0/-3
ParC	NZ_AECZ01000001.1	25.197	254	162	6	7	253	93850	93152	7.21e-11	67.8	37.80	0/-1
ParC	NZ_JPIK01000014.1	30.612	196	121	4	7	202	12496	11954	8.25e-11	67.8	44.90	0/-3
ParC	NZ_FNGU01000004.1	28.112	249	161	5	8	253	354793	354092	8.34e-11	67.8	41.37	0/-1
ParC	NZ_AUCX01000006.1	23.506	251	177	4	6	256	129164	129871	9.04e-11	67.4	39.84	0/2
ParC	NZ_JYNO01000004.1	27.381	252	167	5	7	257	118602	119312	1.04e-10	67.4	39.68	0/3
ParC	NZ_AUBP01000042.1	30.542	203	125	5	7	203	1047	469	1.20e-10	67.0	48.28	0/-3
ParC	NC_006138.1	28.448	232	147	6	7	238	1395984	1395346	1.30e-10	67.0	44.40	0/-1
ParC	NZ_FQZU01000001.1	32.642	193	112	7	1	188	87592	88131	1.58e-10	66.6	48.70	0/1
ParC	NZ_CAADHO010000002.1	66.667	45	15	0	7	51	91185	91051	9.18e-10	64.3	80.00	0/-2
ParC	NZ_FQZT01000011.1	26.396	197	115	5	1	183	80566	80024	1.00e-09	64.3	43.65	0/-1
ParC	NZ_FNLL01000022.1	24.400	250	171	6	8	253	25127	24420	1.37e-09	63.9	41.20	0/-1
ParC	NZ_VLLC01000012.1	24.380	242	176	5	8	248	53008	52301	2.45e-09	63.2	41.74	0/-2
ParC	NZ_FRFE01000019.1	28.108	185	121	3	6	190	77405	76887	6.74e-09	61.6	45.41	0/-1
ParC	NC_017311.1	26.383	235	157	7	7	234	197747	198424	8.17e-09	61.6	48.51	0/2
ParC	NZ_KB893024.1	24.111	253	170	5	7	256	3204	3905	1.21e-08	60.8	38.74	0/3
ParC	NZ_FWXF01000053.1	25.306	245	146	5	7	233	710	33	1.24e-08	60.5	42.04	0/-2
ParC	NZ_VDMB01000006.1	23.967	242	177	5	8	248	50305	49598	1.58e-08	60.5	40.91	0/-2
ParC	NZ_RAVZ01000690.1	26.515	132	96	1	127	257	2	397	1.82e-08	59.7	46.97	0/2
ParC	NZ_RAVZ01000778.1	64.444	45	16	0	7	51	359	225	2.96e-08	57.0	77.78	0/-3
ParC	NZ_CAADHO010000012.1	62.222	45	17	0	7	51	8775	8641	3.30e-08	59.7	75.56	0/-1
ParC	NZ_JACHEO010000011.1	26.718	131	94	1	126	256	62843	63229	5.30e-08	58.9	45.80	0/2
ParC	NZ_KN882170.1	57.143	49	21	0	7	55	149993	150139	5.92e-08	58.9	69.39	0/2
ParC	NZ_QMIE01000003.1	25.203	246	169	3	12	257	147993	148685	6.31e-08	58.9	39.43	0/3
ParC	NZ_LT828551.1	27.094	203	132	4	7	209	168597	168037	8.70e-08	58.5	43.84	0/-2
ParC	NZ_APJX01000002.1	27.273	154	102	1	8	161	573318	573749	1.94e-07	57.4	44.16	0/3
ParC	NZ_FNQN01000007.1	28.804	184	112	4	8	188	222090	221587	2.31e-07	57.0	45.65	0/-1
ParC	NZ_JMCB01000025.1	31.000	200	122	7	7	204	79193	78636	2.43e-07	57.0	44.00	0/-1
ParC	NZ_JACADJ010000017.1	24.303	251	172	6	7	256	20686	21387	3.41e-07	56.6	40.64	0/1
ParC	NZ_KE387005.1	61.364	44	17	0	7	50	151365	151234	6.89e-07	55.5	75.00	0/-1
ParC	NZ_BCAG01000006.1	50.909	55	26	1	10	64	208555	208716	8.70e-07	55.5	67.27	0/1
ParC	NZ_LT828574.1	27.523	109	78	1	126	233	4573	4247	1.84e-06	54.3	50.46	0/-1
ParC	NZ_AUCV01000003.1	61.364	44	17	0	7	50	151463	151594	2.26e-06	53.9	70.45	0/2
ParC	NZ_FNGU01000001.1	54.167	48	22	0	7	54	470708	470851	3.75e-06	53.1	64.58	0/2
ParC	NZ_FWZU01000005.1	53.191	47	22	0	7	53	332622	332482	4.52e-06	53.1	68.09	0/-2
ParC	NZ_ASRX01000039.1	53.488	43	20	0	7	49	117547	117419	7.82e-06	52.4	76.74	0/-1
ParC	NZ_WVUD01000066.1	52.000	50	24	0	7	56	9356	9505	1.02e-05	52.0	66.00	0/2
ParC	NZ_AUCU01000052.1	53.333	45	21	0	4	48	502	368	1.35e-05	51.6	66.67	0/-2
ParC	NC_010815.1	51.163	43	21	0	8	50	40995	40867	1.40e-05	51.6	72.09	0/-2
ParC	NZ_JHZB01000003.1	54.167	48	22	0	7	54	71781	71924	1.51e-05	51.2	64.58	0/3
ParC	NZ_RAWG01000438.1	26.768	198	133	4	7	204	6118	5561	2.35e-05	50.8	41.41	0/-1
ParC	NZ_RAWB01000054.1	26.943	193	129	4	12	204	26585	26043	2.49e-05	50.8	41.97	0/-2
ParC	NZ_PVNL01000071.1	54.762	42	19	0	7	48	4738	4613	3.31e-05	50.4	73.81	0/-3
ParC	NZ_JACADJ010000084.1	53.659	41	19	0	7	47	14300	14178	4.02e-05	50.1	73.17	0/-3
ParC	NZ_BBCB01000084.1	54.902	51	22	1	7	56	3938	3786	4.82e-05	49.7	64.71	0/-2
ParC	NZ_JACADJ010000015.1	54.386	57	26	0	7	63	21898	22068	6.36e-05	49.3	70.18	0/1
ParC	NZ_RAWB01000142.1	61.364	44	16	1	7	49	8262	8131	7.13e-05	49.3	70.45	0/-2
ParC	NZ_RAWI01000005.1	26.857	175	108	5	8	163	39410	39931	7.34e-05	49.3	37.71	0/2
ParC	NZ_VLLC01000026.1	55.263	38	17	0	10	47	4817	4704	9.53e-05	48.9	73.68	0/-2


