# tblastn
# Iteration: 0
# Query: ParC
# RID: 7KGFD3E501R
# Database: ref_prok_rep_genomes
# Fields: query acc.ver, subject acc.ver, % identity, alignment length, mismatches, gap opens, q. start, q. end, s. start, s. end, evalue, bit score, % positives, query/sbjct frames
# 645 hits found
ParC	NZ_BFAY01000011.1	32.271	251	158	3	7	256	1032865	1032146	5.73e-36	140	54.98	0/-1
ParC	NZ_BFAY01000011.1	30.522	249	159	6	7	254	795239	794532	1.07e-16	84.3	49.40	0/-3
ParC	NZ_NPEA01000003.1	32.271	251	158	3	7	256	374381	375100	5.94e-36	140	54.98	0/2
ParC	NZ_NPDN01000001.1	32.271	251	158	3	7	256	195919	196638	7.55e-36	140	54.98	0/1
ParC	NZ_NPDN01000001.1	28.514	249	164	4	7	254	429210	429917	6.34e-13	72.8	46.18	0/3
ParC	NZ_JNUP01000064.1	34.413	247	148	4	9	254	134122	133421	8.45e-36	140	54.66	0/-3
ParC	NZ_MWQY01000012.1	32.129	249	155	4	9	256	28393	27686	1.03e-35	140	55.02	0/-2
ParC	NZ_CP015217.1	32.669	251	157	3	7	256	4095938	4095219	1.28e-35	139	54.98	0/-3
ParC	NZ_CP015217.1	32.046	259	155	6	7	257	3868670	3867933	9.83e-21	96.3	46.72	0/-3
ParC	NZ_NPDR01000001.1	32.271	251	158	3	7	256	423951	424670	1.49e-35	139	55.38	0/3
ParC	NZ_NPDR01000001.1	28.740	254	157	7	7	254	653583	654290	8.14e-17	84.7	45.28	0/3
ParC	NZ_RQEY01000019.1	32.271	251	158	3	7	256	440762	440043	1.73e-35	139	54.98	0/-1
ParC	NZ_RQEY01000019.1	29.317	249	162	4	7	254	205260	204553	2.91e-13	73.9	46.18	0/-3
ParC	NZ_RQHS01000019.1	32.271	251	158	3	7	256	528449	529168	1.73e-35	139	54.98	0/2
ParC	NZ_NFUQ01000001.1	32.271	251	158	3	7	256	808598	809317	1.73e-35	139	54.98	0/2
ParC	NZ_NFUQ01000001.1	30.522	249	159	6	7	254	1047905	1048612	6.80e-16	82.0	49.00	0/2
ParC	NZ_RQGV01000005.1	32.271	251	158	3	7	256	987689	986970	1.73e-35	139	54.98	0/-3
ParC	NZ_RQGV01000005.1	29.317	249	162	5	7	254	746360	745653	2.10e-15	80.5	47.79	0/-3
ParC	NZ_RQER01000004.1	32.271	251	158	3	7	256	753945	754664	1.76e-35	139	54.98	0/3
ParC	NZ_AHOM02000004.1	32.271	251	158	3	7	256	895564	894845	2.37e-35	139	54.98	0/-2
ParC	NZ_RQEP01000005.1	31.474	251	160	3	7	256	704587	705306	2.68e-35	139	54.98	0/1
ParC	NZ_RQEP01000005.1	30.400	250	154	6	8	253	925726	926427	5.14e-18	88.2	47.60	0/1
ParC	NZ_RQGF01000015.1	32.271	251	158	3	7	256	200416	199697	3.46e-35	138	54.58	0/-1
ParC	NZ_NPEI01000001.1	32.271	251	158	3	7	256	640047	639328	3.86e-35	138	54.98	0/-3
ParC	NZ_NPEI01000001.1	29.719	249	161	5	7	254	397325	396618	2.03e-15	80.5	47.79	0/-1
ParC	NZ_RQFY01000004.1	32.271	251	158	3	7	256	782968	783687	3.97e-35	138	54.98	0/1
ParC	NZ_RQFY01000004.1	29.365	252	158	8	7	254	1028834	1029541	1.47e-16	84.0	45.63	0/2
ParC	NZ_APGN01000154.1	32.669	251	157	3	7	256	34123	34842	7.71e-35	137	52.59	0/1
ParC	NC_018020.1	33.865	251	153	3	7	256	4182957	4182241	8.03e-35	137	53.39	0/-2
ParC	NC_018020.1	33.333	183	106	6	4	182	1951607	1952119	2.67e-16	83.2	51.91	0/2
ParC	NZ_JH597773.1	31.727	249	158	3	7	254	3650620	3651333	1.00e-34	137	56.22	0/1
ParC	NZ_JH597773.1	30.808	198	123	3	8	204	2210396	2209842	1.22e-17	87.0	46.97	0/-2
ParC	NZ_RQET01000004.1	32.061	262	160	4	2	256	455456	456208	1.12e-34	137	52.67	0/2
ParC	NZ_RQET01000004.1	31.138	167	104	2	8	174	647795	648262	3.37e-15	79.7	47.90	0/2
ParC	NZ_RQFH01000003.1	32.271	251	158	3	7	256	419809	419090	1.20e-34	137	54.18	0/-1
ParC	NZ_RQFH01000003.1	29.839	248	160	4	7	253	157040	156336	8.34e-18	87.4	47.58	0/-3
ParC	NZ_QHCT01000001.1	32.271	251	158	3	7	256	594451	595170	1.44e-34	136	54.18	0/1
ParC	NZ_QHCT01000001.1	32.046	259	155	7	7	257	827251	827988	1.66e-20	95.5	47.10	0/1
ParC	NZ_RQFA01000080.1	32.271	251	158	3	7	256	116865	116146	1.45e-34	136	54.18	0/-2
ParC	NZ_NPEF01000046.1	32.271	251	158	3	7	256	9873	10592	1.47e-34	136	53.78	0/3
ParC	NZ_CP026671.1	32.271	251	158	3	7	256	3659279	3658560	1.63e-34	136	54.18	0/-3
ParC	NZ_CP026671.1	30.350	257	156	7	7	254	3402909	3403637	1.03e-18	90.1	47.47	0/3
ParC	NZ_JQGW01000148.1	31.873	251	159	3	7	256	5218	4499	1.63e-34	136	54.18	0/-2
ParC	NZ_RQGL01000024.1	31.873	251	159	3	7	256	348836	349555	1.87e-34	136	54.18	0/2
ParC	NZ_QHCU01000002.1	31.873	251	159	3	7	256	96306	95587	1.87e-34	136	54.18	0/-1
ParC	NZ_RQEV01000003.1	31.679	262	161	4	2	256	555504	554752	2.00e-34	136	52.67	0/-1
ParC	NZ_RQEV01000003.1	31.138	167	104	2	8	174	363423	362956	4.16e-16	82.4	48.50	0/-1
ParC	NZ_CP033614.1	31.873	251	159	3	7	256	2310604	2309885	2.23e-34	136	54.18	0/-3
ParC	NZ_CP033614.1	30.502	259	159	6	7	257	2095473	2094736	1.51e-20	95.5	47.88	0/-1
ParC	NZ_NPDV01000003.1	31.873	251	159	3	7	256	31404	32123	2.69e-34	135	54.58	0/3
ParC	NZ_NPDV01000003.1	31.660	259	156	6	7	257	265750	266487	3.82e-20	94.4	47.10	0/1
ParC	NZ_RQEQ01000073.1	31.873	251	159	3	7	256	390373	391092	2.99e-34	135	54.18	0/1
ParC	NZ_CP030142.1	31.873	251	159	3	7	256	1175301	1176020	3.05e-34	135	54.18	0/3
ParC	NZ_CP030142.1	29.688	256	159	6	7	254	1439022	1438294	4.56e-18	88.2	47.27	0/-3
ParC	NZ_CP030142.1	59.091	44	18	0	7	50	240656	240787	2.23e-06	52.8	75.00	0/2
ParC	NZ_CP030142.1	59.091	44	18	0	7	50	254331	254462	2.23e-06	52.8	75.00	0/3
ParC	NZ_NPDS01000007.1	31.873	251	159	3	7	256	189568	188849	3.35e-34	135	53.78	0/-1
ParC	NZ_BFBB01000008.1	32.271	251	158	4	7	256	410088	410807	3.42e-34	135	51.79	0/3
ParC	NZ_JQRS01000002.1	31.474	251	160	3	7	256	191741	192460	4.76e-34	135	54.18	0/2
ParC	NZ_RQHW01000013.1	30.677	251	162	4	7	256	51867	51148	5.14e-34	135	52.19	0/-3
ParC	NZ_NPDZ01000001.1	31.474	251	160	3	7	256	157774	158493	6.05e-34	134	54.98	0/1
ParC	NZ_NPDZ01000001.1	28.137	263	145	6	7	253	369576	370280	6.80e-18	87.8	40.30	0/3
ParC	NZ_AHMO02000008.1	32.271	251	158	3	7	256	1454870	1455589	8.29e-34	134	53.39	0/2
ParC	NZ_AHMO02000008.1	31.138	167	104	2	8	174	1662079	1662546	4.78e-13	73.2	46.71	0/1
ParC	NZ_CP035807.1	33.333	255	148	6	9	256	1921018	1921737	9.56e-34	134	52.55	0/1
ParC	NZ_AKWZ02000010.1	32.669	251	157	3	7	256	1060430	1061149	9.74e-34	134	53.39	0/2
ParC	NZ_AKWZ02000010.1	36.527	167	95	4	8	174	1275086	1275553	3.13e-13	73.9	51.50	0/2
ParC	NZ_CP040840.1	31.474	251	160	4	7	256	3953261	3952542	1.15e-33	134	54.58	0/-3
ParC	NZ_CP040840.1	30.350	257	156	7	7	254	3732382	3733110	2.43e-19	92.0	47.86	0/1
ParC	NC_023035.1	31.727	249	156	4	9	256	3775176	3774469	1.21e-33	134	53.01	0/-3
ParC	NC_023035.1	26.842	190	127	3	1	190	2554252	2553719	1.74e-07	56.2	45.26	0/-2
ParC	NZ_RQHF01000028.1	31.873	251	159	3	7	256	535385	536104	1.69e-33	133	53.39	0/2
ParC	NZ_NPDX01000005.1	31.474	251	160	4	7	256	74660	73941	1.88e-33	133	52.19	0/-1
ParC	NZ_RQFW01000012.1	31.474	251	160	4	7	256	220074	219355	1.88e-33	133	52.19	0/-3
ParC	NZ_RQFW01000012.1	24.762	210	130	4	2	199	350978	351559	1.43e-09	62.8	39.05	0/2
ParC	NZ_RQFO01000016.1	31.474	251	160	4	7	256	757141	756422	1.88e-33	133	52.19	0/-2
ParC	NZ_RQHK01000017.1	31.474	251	160	4	7	256	480974	480255	1.88e-33	133	52.19	0/-2
ParC	NZ_RQFK01000026.1	31.474	251	160	4	7	256	675871	675152	1.88e-33	133	52.19	0/-1
ParC	NZ_AOGW02000006.1	31.474	251	160	4	7	256	439009	439728	2.05e-33	133	51.79	0/1
ParC	NZ_AOGZ02000014.1	31.474	251	160	4	7	256	1887637	1888356	2.05e-33	133	51.79	0/1
ParC	NZ_RQHU01000005.1	31.474	251	160	4	7	256	903409	904128	2.36e-33	133	52.19	0/1
ParC	NZ_RQHU01000005.1	24.878	205	126	4	7	199	774872	774306	1.43e-09	62.8	39.02	0/-1
ParC	NZ_RQFG01000005.1	31.474	251	160	4	7	256	1221726	1222445	2.50e-33	133	52.19	0/3
ParC	NZ_MCRM02000007.1	32.271	251	158	3	7	256	29423	28704	2.82e-33	132	53.39	0/-1
ParC	NZ_RQGQ01000017.1	31.474	251	160	4	7	256	468192	468911	2.91e-33	132	51.79	0/3
ParC	NC_015732.1	32.937	252	155	4	6	256	3143980	3144696	2.91e-33	132	52.78	0/1
ParC	NZ_FUXC01000005.1	30.645	248	158	4	10	256	128278	128982	3.54e-33	132	54.44	0/1
ParC	NZ_FOKY01000001.1	31.174	247	158	3	8	253	334126	333419	3.55e-33	132	55.06	0/-2
ParC	NZ_RQGA01000003.1	31.474	251	160	4	7	256	118590	117871	3.95e-33	132	51.79	0/-1
ParC	NZ_RQFP01000001.1	31.474	251	160	4	7	256	1297543	1296824	3.95e-33	132	51.79	0/-1
ParC	NZ_RQGG01000036.1	31.076	251	161	4	7	256	126878	127597	3.98e-33	132	52.19	0/2
ParC	NZ_NPEC01000008.1	31.474	251	160	4	7	256	48995	49714	4.05e-33	132	51.79	0/2
ParC	NC_017098.1	32.129	249	155	4	9	256	3279377	3278670	6.60e-33	132	53.01	0/-2
ParC	NZ_BFBA01000013.1	30.677	251	162	4	7	256	423810	423091	7.12e-33	131	52.19	0/-2
ParC	NZ_JACHGJ010000011.1	31.621	253	155	6	9	256	32948	32229	8.02e-33	131	53.36	0/-3
ParC	NZ_RQHV01000042.1	30.677	251	162	4	7	256	129026	128307	8.13e-33	131	52.19	0/-1
ParC	NZ_AKWY02000001.1	31.474	251	160	3	7	256	34653	33934	9.83e-33	131	51.39	0/-2
ParC	NZ_AKWY02000001.1	29.730	259	161	6	7	257	289509	288772	6.42e-19	90.9	47.10	0/-2
ParC	NZ_RQFU01000005.1	31.076	251	161	4	7	256	339616	338897	1.06e-32	131	51.79	0/-1
ParC	NZ_RQGD01000005.1	31.076	251	161	4	7	256	120288	119569	1.15e-32	131	51.79	0/-2
ParC	NC_015500.1	32.540	252	156	5	6	256	443120	442404	1.17e-32	131	53.97	0/-1
ParC	NZ_UFQO01000002.1	31.048	248	157	4	10	256	478278	478982	1.32e-32	130	53.23	0/3
ParC	NZ_RQFD01000013.1	31.076	251	161	4	7	256	111417	112136	1.51e-32	130	51.79	0/3
ParC	NZ_KI912403.1	32.129	249	157	3	7	254	290120	290833	1.88e-32	130	52.21	0/2
ParC	NZ_AHMN02000022.1	31.076	251	161	3	7	256	146672	147391	1.93e-32	130	52.59	0/2
ParC	NZ_RQGR01000029.1	31.076	251	161	4	7	256	1073395	1074114	2.32e-32	130	51.39	0/1
ParC	NZ_RQHO01000002.1	31.076	251	161	4	7	256	1262073	1261354	2.89e-32	130	51.39	0/-3
ParC	NZ_RQHO01000002.1	27.222	180	108	6	7	178	1391590	1392084	6.63e-09	60.8	42.78	0/1
ParC	NZ_BFAZ01000009.1	31.076	251	161	4	7	256	1114617	1115336	2.91e-32	130	51.39	0/3
ParC	NZ_BFAZ01000009.1	28.333	180	106	6	7	178	986581	986087	1.70e-09	62.4	42.78	0/-3
ParC	NZ_RQHA01000004.1	31.076	251	161	4	7	256	658361	657642	3.69e-32	129	51.39	0/-1
ParC	NZ_CP020414.2	31.076	251	161	3	7	256	2277191	2276472	4.91e-32	129	52.59	0/-1
ParC	NZ_CP020414.2	29.730	259	161	6	7	257	2539759	2539022	1.90e-18	89.4	46.72	0/-2
ParC	NZ_AUFW01000021.1	30.120	249	160	4	9	256	17633	16926	1.05e-31	128	52.61	0/-1
ParC	NZ_JACHFR010000005.1	29.365	252	164	4	6	256	67695	68411	1.23e-31	128	51.98	0/3
ParC	NZ_AVQI01000031.1	30.645	248	158	4	10	256	12603	11899	1.45e-31	127	52.42	0/-2
ParC	NC_014330.1	30.522	249	161	3	7	254	2508067	2507354	2.05e-31	127	52.21	0/-2
ParC	NZ_FORI01000006.1	31.452	248	156	4	10	256	181382	182086	2.08e-31	127	52.02	0/2
ParC	NC_015152.1	32.258	248	154	4	10	256	3310815	3310111	3.87e-31	126	54.44	0/-3
ParC	NC_015152.1	27.459	244	154	5	11	249	1257265	1257942	9.24e-13	72.4	43.44	0/1
ParC	NC_017583.1	32.540	252	150	5	9	256	2553987	2553280	4.86e-31	126	53.57	0/-2
ParC	NC_017583.1	28.293	205	128	5	7	209	2484317	2484880	5.89e-08	57.8	42.44	0/2
ParC	NZ_CP042818.1	31.855	248	155	4	10	256	1931793	1932497	5.99e-31	126	51.21	0/3
ParC	NZ_KI260561.1	29.365	252	164	4	6	256	6358	5642	8.18e-31	125	50.40	0/-1
ParC	NC_015436.1	30.350	257	165	4	1	256	2220967	2220236	1.00e-30	125	52.53	0/-3
ParC	NC_015436.1	27.083	240	160	4	11	249	874707	874030	1.04e-13	75.1	43.33	0/-1
ParC	NC_015385.1	29.762	252	163	4	6	256	2200780	2200064	1.06e-30	125	52.78	0/-2
ParC	NC_015385.1	29.677	155	90	5	9	161	1842551	1842964	1.06e-06	53.9	50.32	0/2
ParC	NZ_ARQI01000117.1	30.924	249	160	3	7	254	31447	32160	1.50e-30	125	52.21	0/1
ParC	NC_016842.1	31.452	248	155	4	10	256	289970	289269	2.33e-30	124	51.61	0/-1
ParC	NC_015577.1	31.349	252	161	3	6	256	777075	776353	2.87e-30	124	50.40	0/-3
ParC	NC_015577.1	30.000	180	110	4	9	188	2112783	2112292	8.33e-15	78.6	50.00	0/-3
ParC	NC_015577.1	51.064	47	23	0	12	58	728595	728735	2.27e-05	49.7	61.70	0/3
ParC	NZ_CP036150.1	31.225	253	158	5	9	256	3111294	3110569	3.85e-30	124	49.41	0/-1
ParC	NC_014150.1	30.522	249	161	3	7	254	680980	681693	4.23e-30	123	52.21	0/1
ParC	NZ_FUWG01000006.1	29.762	252	163	4	6	256	39830	40546	5.09e-30	123	50.79	0/2
ParC	NZ_KE332518.1	29.762	252	163	4	6	256	2275045	2275761	6.43e-30	123	51.59	0/1
ParC	NC_015714.1	31.452	248	155	4	10	256	287766	287065	6.49e-30	123	51.61	0/-3
ParC	NC_015578.1	31.349	252	159	4	6	256	1423754	1424470	1.26e-29	122	50.40	0/2
ParC	NZ_CP009228.1	28.462	260	156	4	6	256	585634	586350	1.32e-29	122	46.54	0/1
ParC	NC_022097.1	29.762	252	163	4	6	256	1126195	1125479	1.74e-29	122	50.00	0/-1
ParC	NZ_KB899423.1	29.482	251	163	4	7	256	12543	11830	2.75e-29	121	51.00	0/-1
ParC	NZ_FTMS01000004.1	31.727	249	156	4	9	256	128683	129390	3.04e-29	121	51.00	0/1
ParC	NZ_CVLB01000001.1	29.317	249	164	3	7	254	2085554	2086267	6.26e-29	120	51.81	0/2
ParC	NZ_JPUF01000034.1	28.346	254	176	4	6	256	40793	40041	6.28e-29	120	51.97	0/-3
ParC	NZ_CP019914.1	29.317	249	164	3	7	254	843534	844247	7.29e-29	120	51.81	0/3
ParC	NC_002967.9	29.762	252	163	4	6	256	644958	644242	7.36e-29	120	50.00	0/-3
ParC	NZ_KE332512.1	30.242	248	159	4	10	256	652419	651715	1.05e-28	119	49.60	0/-1
ParC	NZ_LZON01000041.1	29.317	249	164	3	7	254	18644	19357	1.20e-28	119	51.81	0/2
ParC	NC_016633.1	31.855	248	155	4	10	256	2123425	2124129	1.31e-28	119	52.82	0/1
ParC	NC_016633.1	27.600	250	152	7	11	252	766263	765577	1.76e-14	77.8	42.80	0/-1
ParC	NZ_AGRW01000052.1	28.968	252	164	5	6	256	28636	29349	1.35e-28	119	51.19	0/1
ParC	NZ_LPWH01000003.1	30.924	249	158	4	9	256	80598	81305	2.13e-28	118	50.20	0/3
ParC	NZ_KB891725.1	30.924	249	158	4	9	256	55354	56061	2.14e-28	118	50.20	0/1
ParC	NC_017243.1	28.916	249	165	3	7	254	2416037	2416750	2.34e-28	118	51.81	0/2
ParC	NZ_WUJG01000012.1	31.855	248	155	4	10	256	49585	50289	2.81e-28	118	54.03	0/1
ParC	NZ_WESA01000036.1	31.200	250	154	6	10	256	28120	27416	3.13e-28	118	49.20	0/-3
ParC	NZ_SJDU01000003.1	28.916	249	165	3	7	254	2925	3638	5.51e-28	117	51.00	0/3
ParC	NZ_JACHFQ010000012.1	27.778	252	173	5	6	256	21706	22437	7.55e-28	117	50.00	0/1
ParC	NZ_SAYK01000005.1	28.916	249	165	3	7	254	201413	200700	1.27e-27	116	49.80	0/-1
ParC	NZ_KE332517.1	29.435	248	161	4	10	256	296021	295317	1.41e-27	116	49.60	0/-3
ParC	NC_014364.1	29.482	251	163	4	7	256	4646471	4645758	5.93e-26	111	51.39	0/-3
ParC	NZ_MCRM02000001.1	34.807	181	105	3	2	182	365994	365491	5.31e-22	100	54.14	0/-2
ParC	NZ_MCRM02000001.1	30.601	183	112	3	1	182	343048	342542	7.59e-15	78.6	47.54	0/-1
ParC	NZ_AHMO02000007.1	34.807	181	105	3	2	182	270520	271023	5.57e-22	99.8	54.14	0/1
ParC	NZ_AHMO02000007.1	30.601	183	112	3	1	182	293402	293908	7.31e-15	78.6	47.54	0/2
ParC	NZ_AKWZ02000011.1	34.807	181	105	3	2	182	262683	263186	7.95e-22	99.4	54.14	0/3
ParC	NZ_AKWZ02000011.1	29.121	182	116	2	1	182	285569	286075	1.81e-14	77.4	47.25	0/2
ParC	NZ_RQER01000005.1	33.702	181	107	3	2	182	19632	19129	8.33e-22	99.4	54.14	0/-3
ParC	NZ_RQER01000005.1	42.308	52	30	0	131	182	286629	286474	2.06e-08	59.3	75.00	0/-3
ParC	NZ_RQER01000005.1	47.458	59	30	1	4	61	286971	286795	1.40e-05	50.4	62.71	0/-3
ParC	NZ_RQEP01000012.1	33.149	181	108	3	2	182	74268	74771	8.81e-22	99.4	54.14	0/3
ParC	NZ_RQEP01000012.1	42.308	52	30	0	131	182	97777	97932	2.37e-08	58.9	75.00	0/1
ParC	NZ_RQEP01000012.1	49.153	59	29	1	4	61	97435	97611	5.65e-06	51.6	62.71	0/1
ParC	NZ_NPDR01000005.1	33.702	181	107	3	2	182	68713	69216	1.10e-21	99.0	53.59	0/1
ParC	NZ_NPDR01000005.1	42.308	52	30	0	131	182	93314	93469	4.74e-08	58.2	75.00	0/2
ParC	NZ_NPDR01000005.1	49.153	59	29	1	4	61	92972	93148	8.20e-06	51.2	62.71	0/2
ParC	NZ_RQGV01000012.1	33.702	181	107	3	2	182	73299	73802	1.15e-21	99.0	53.59	0/3
ParC	NZ_RQGV01000012.1	42.308	52	30	0	131	182	98723	98878	5.09e-08	57.8	75.00	0/2
ParC	NZ_RQGV01000012.1	49.153	59	29	1	4	61	98381	98557	7.85e-06	51.2	62.71	0/2
ParC	NZ_RQFY01000007.1	33.702	181	107	3	2	182	276618	276115	1.19e-21	99.0	53.59	0/-1
ParC	NZ_RQFY01000007.1	30.939	181	108	3	4	182	251545	251048	3.80e-15	79.7	46.96	0/-3
ParC	NZ_RQEV01000007.1	33.149	181	108	3	2	182	299641	299138	1.44e-21	98.6	54.14	0/-1
ParC	NZ_RQEV01000007.1	44.231	52	29	0	131	182	276480	276325	4.11e-08	58.2	75.00	0/-2
ParC	NZ_RQEV01000007.1	51.786	56	26	1	7	61	276813	276646	4.37e-06	52.0	64.29	0/-2
ParC	NZ_CP044535.1	25.514	243	167	1	7	249	447858	448544	1.46e-21	98.6	46.91	0/3
ParC	NZ_RQET01000009.1	33.149	181	108	3	2	182	48826	48323	1.56e-21	98.6	54.14	0/-2
ParC	NZ_RQET01000009.1	44.231	52	29	0	131	182	25661	25506	3.46e-08	58.5	75.00	0/-1
ParC	NZ_RQET01000009.1	51.786	56	26	1	7	61	25994	25827	4.90e-06	51.6	64.29	0/-1
ParC	NZ_RQEQ01000010.1	32.432	259	154	7	7	257	13079	13816	1.70e-21	98.6	47.49	0/2
ParC	NZ_NPDZ01000003.1	34.659	176	102	3	7	182	293592	293104	1.92e-21	98.2	53.41	0/-1
ParC	NZ_NPDZ01000003.1	38.710	62	38	0	127	188	269760	269575	6.93e-09	60.5	67.74	0/-1
ParC	NZ_NPDZ01000003.1	47.458	59	30	1	4	61	270090	269914	1.24e-05	50.4	62.71	0/-1
ParC	NZ_AHOM02000001.1	33.149	181	108	3	2	182	100939	101442	2.25e-21	98.2	53.59	0/1
ParC	NZ_AHOM02000001.1	42.308	52	30	0	131	182	125519	125674	4.83e-08	58.2	75.00	0/2
ParC	NZ_AHOM02000001.1	46.774	62	32	1	1	61	125168	125353	6.93e-06	51.2	59.68	0/2
ParC	NZ_BFAY01000012.1	33.149	181	108	3	2	182	69381	69884	2.54e-21	97.8	53.59	0/3
ParC	NZ_BFAY01000012.1	42.308	52	30	0	131	182	94047	94202	4.74e-08	58.2	75.00	0/3
ParC	NZ_BFAY01000012.1	49.153	59	29	1	4	61	93705	93881	5.41e-06	51.6	62.71	0/3
ParC	NZ_NFUQ01000006.1	33.149	181	108	3	2	182	257947	257444	2.54e-21	97.8	53.59	0/-3
ParC	NZ_NFUQ01000006.1	42.308	52	30	0	131	182	233353	233198	4.66e-08	58.2	75.00	0/-3
ParC	NZ_NFUQ01000006.1	49.153	59	29	1	4	61	233695	233519	9.97e-06	50.8	62.71	0/-3
ParC	NZ_RQHS01000012.1	33.149	181	108	3	2	182	254177	253674	2.54e-21	97.8	53.59	0/-1
ParC	NZ_RQHS01000012.1	42.308	52	30	0	131	182	228794	228639	4.41e-08	58.2	75.00	0/-1
ParC	NZ_RQHS01000012.1	49.153	59	29	1	4	61	229136	228960	9.45e-06	50.8	62.71	0/-1
ParC	NZ_NPEI01000004.1	33.149	181	108	3	2	182	83070	83573	2.59e-21	97.8	53.59	0/3
ParC	NZ_NPEI01000004.1	42.308	52	30	0	131	182	107669	107824	4.57e-08	58.2	75.00	0/2
ParC	NZ_NPEI01000004.1	49.153	59	29	1	4	61	107327	107503	7.99e-06	51.2	62.71	0/2
ParC	NZ_RQEY01000012.1	33.149	181	108	3	2	182	334468	333965	2.59e-21	97.8	53.59	0/-3
ParC	NZ_RQEY01000012.1	42.308	52	30	0	131	182	307942	307787	5.00e-08	57.8	75.00	0/-3
ParC	NZ_RQEY01000012.1	43.137	51	29	0	2	52	93555	93707	4.07e-06	52.0	62.75	0/3
ParC	NZ_RQEY01000012.1	49.153	59	29	1	4	61	308284	308108	8.20e-06	51.2	62.71	0/-3
ParC	NZ_RQFH01000009.1	33.149	181	108	3	2	182	91735	92238	3.92e-21	97.4	53.59	0/1
ParC	NZ_RQFH01000009.1	42.308	52	30	0	131	182	115286	115441	4.49e-08	58.2	75.00	0/2
ParC	NZ_RQFH01000009.1	50.000	50	25	0	1	50	114935	115084	2.68e-06	52.8	64.00	0/2
ParC	NZ_FMTE01000002.1	25.514	243	167	1	7	249	453431	452745	4.11e-21	97.4	47.33	0/-3
ParC	NC_015921.1	25.103	243	168	1	7	249	448252	448938	6.82e-21	96.7	46.91	0/1
ParC	NZ_ABCW02000003.1	24.691	243	169	2	7	249	277966	278652	7.63e-21	96.7	45.68	0/1
ParC	NZ_NPEA01000007.1	32.597	181	109	3	2	182	244284	243781	7.84e-21	96.7	53.59	0/-1
ParC	NZ_NPEA01000007.1	42.308	52	30	0	131	182	218995	218840	4.78e-08	58.2	75.00	0/-3
ParC	NZ_NPEA01000007.1	49.153	59	29	1	4	61	219337	219161	7.24e-06	51.2	62.71	0/-3
ParC	NZ_RQGF01000035.1	32.597	181	109	3	2	182	249017	248514	7.99e-21	96.7	53.59	0/-1
ParC	NZ_RQGF01000035.1	42.308	52	30	0	131	182	223385	223230	4.87e-08	58.2	75.00	0/-1
ParC	NZ_RQGF01000035.1	46.774	62	32	1	1	61	223736	223551	5.75e-06	51.6	59.68	0/-1
ParC	NZ_NPDN01000007.1	32.597	181	109	3	2	182	67629	68132	9.36e-21	96.3	53.59	0/3
ParC	NZ_NPDN01000007.1	42.308	52	30	0	131	182	92230	92385	4.57e-08	58.2	75.00	0/1
ParC	NZ_NPDN01000007.1	49.153	59	29	1	4	61	91888	92064	7.98e-06	51.2	62.71	0/1
ParC	NZ_ABJZ02000005.1	25.103	243	168	1	7	249	444234	444920	9.64e-21	96.3	46.50	0/3
ParC	NZ_ABKB02000009.1	25.103	243	168	1	7	249	185956	185270	1.20e-20	95.9	46.09	0/-3
ParC	NZ_CP015796.1	25.103	243	168	1	7	249	450736	451422	1.84e-20	95.5	46.50	0/1
ParC	NZ_ABCY02000001.1	24.696	247	172	1	7	253	450686	451384	3.00e-20	94.7	46.15	0/2
ParC	NZ_JACHFG010000001.1	25.103	243	168	1	7	249	8991	9677	3.17e-20	94.7	46.50	0/3
ParC	NC_017717.1	25.103	243	168	1	7	249	451853	452539	4.16e-20	94.4	46.50	0/2
ParC	NZ_JACHFB010000001.1	25.103	243	168	1	7	249	9777	10463	4.27e-20	94.4	46.50	0/3
ParC	NZ_NPEF01000007.1	30.502	259	159	8	7	257	24491	23754	4.65e-20	94.4	48.65	0/-2
ParC	NC_008277.1	25.103	243	168	1	7	249	453290	453976	4.97e-20	94.0	46.09	0/2
ParC	NZ_JACFAX010000001.1	25.103	243	168	1	7	249	448617	449303	5.50e-20	94.0	46.50	0/3
ParC	NZ_JACHFC010000001.1	25.103	243	168	1	7	249	458366	457680	6.39e-20	94.0	46.50	0/-3
ParC	NZ_JQGW01000082.1	30.350	257	156	7	7	254	15650	14922	7.92e-20	93.6	48.64	0/-1
ParC	NZ_JH597775.1	34.659	176	101	4	7	182	117716	118201	1.36e-19	92.8	51.14	0/2
ParC	NZ_QBLM01000001.1	25.514	243	167	1	7	249	486645	485959	1.43e-19	92.8	46.50	0/-1
ParC	NZ_QBLM01000001.1	32.927	164	100	6	7	170	14186	13725	9.87e-11	66.2	51.83	0/-2
ParC	NZ_NPEF01000027.1	32.402	179	108	4	4	182	3435	3932	1.45e-19	92.8	56.42	0/3
ParC	NZ_RQFA01000026.1	30.116	259	160	8	7	257	91767	92504	1.45e-19	92.8	48.26	0/3
ParC	NZ_NPDS01000001.1	30.116	259	160	6	7	257	23866	24603	1.51e-19	92.8	47.49	0/1
ParC	NZ_JQRS01000020.1	31.154	260	156	7	7	257	5461	4724	1.55e-19	92.8	48.46	0/-1
ParC	NZ_RQGL01000017.1	30.888	259	158	7	7	257	2847	2110	1.60e-19	92.8	47.49	0/-1
ParC	NZ_KI912384.1	24.280	243	170	1	7	249	119108	118422	1.80e-19	92.4	44.86	0/-1
ParC	NC_018021.1	32.386	176	106	4	7	182	7554	8042	3.17e-19	91.7	52.84	0/3
ParC	NZ_NPDS01000013.1	32.402	179	108	4	4	182	7437	6940	3.91e-19	91.7	55.87	0/-1
ParC	NZ_RQFA01000010.1	32.402	179	108	4	4	182	86982	87479	3.98e-19	91.7	55.87	0/3
ParC	NZ_RQFA01000010.1	39.655	58	35	0	131	188	110485	110658	2.57e-07	55.8	65.52	0/1
ParC	NZ_APGN01000245.1	30.469	256	157	6	7	254	36220	35492	5.60e-19	90.9	47.27	0/-2
ParC	NZ_QHCU01000001.1	30.502	259	159	7	7	257	943455	942718	5.69e-19	90.9	47.49	0/-2
ParC	NZ_NPDV01000010.1	32.402	179	108	3	4	182	81135	80638	8.17e-19	90.5	54.19	0/-3
ParC	NZ_NPDV01000010.1	42.308	52	30	0	131	182	57169	57014	2.52e-07	55.8	71.15	0/-2
ParC	NZ_BFBB01000009.1	35.754	179	102	3	4	182	141919	141422	8.49e-19	90.5	51.96	0/-3
ParC	NZ_BFBB01000009.1	39.655	58	35	0	131	188	115013	114840	2.69e-08	58.9	68.97	0/-2
ParC	NZ_RQGL01000011.1	31.844	179	109	3	4	182	378896	378399	8.90e-19	90.5	53.63	0/-1
ParC	NZ_RQGL01000011.1	29.944	177	108	5	7	182	356283	355798	3.47e-11	67.8	48.59	0/-3
ParC	NZ_AYOT01000223.1	23.868	243	171	2	7	249	2468	1782	9.06e-19	90.5	41.98	0/-3
ParC	NZ_CP033615.1	31.285	179	110	3	4	182	258866	258369	1.18e-18	90.1	53.07	0/-3
ParC	NZ_CP033615.1	31.111	180	102	6	7	182	235683	235198	1.82e-11	68.6	48.89	0/-2
ParC	NZ_RQEQ01000027.1	31.844	179	109	3	4	182	240401	240898	1.34e-18	89.7	54.19	0/2
ParC	NZ_RQEQ01000027.1	30.055	183	106	6	4	182	264809	265303	1.48e-11	68.9	48.63	0/2
ParC	NZ_QHCT01000004.1	31.844	179	109	3	4	182	253261	253758	1.34e-18	89.7	54.19	0/1
ParC	NZ_QHCT01000004.1	30.055	183	106	6	4	182	277614	278108	1.58e-11	68.6	48.63	0/3
ParC	NZ_AHMN02000007.1	31.844	179	109	3	4	182	282068	281571	1.38e-18	89.7	53.63	0/-2
ParC	NZ_AHMN02000007.1	30.000	180	104	6	7	182	257162	256677	2.04e-11	68.2	48.89	0/-2
ParC	NZ_QHCU01000006.1	31.844	179	109	3	4	182	271061	271558	1.41e-18	89.7	53.63	0/2
ParC	NZ_QHCU01000006.1	42.308	52	30	0	131	182	293973	294128	2.46e-07	55.8	71.15	0/3
ParC	NZ_RQER01000006.1	31.200	250	152	6	8	253	376247	375546	1.42e-18	89.7	47.60	0/-2
ParC	NZ_RQHW01000028.1	31.720	186	104	3	2	182	219260	218757	1.88e-18	89.4	46.77	0/-2
ParC	NZ_RQHW01000028.1	26.230	183	119	4	7	188	192413	191910	1.76e-09	62.4	45.36	0/-2
ParC	NZ_CP015218.1	32.402	179	108	3	4	182	202	699	2.73e-18	89.0	53.63	0/1
ParC	NZ_CP015218.1	29.688	192	113	6	1	188	23255	23776	1.75e-11	68.6	46.88	0/2
ParC	NZ_AHMN02000005.1	28.958	259	163	6	7	257	556782	557519	2.78e-18	89.0	46.72	0/3
ParC	NZ_RQGQ01000014.1	31.183	186	105	3	2	182	210738	210235	3.41e-18	88.6	47.31	0/-2
ParC	NZ_RQGQ01000014.1	37.097	62	39	0	127	188	183875	183690	4.49e-08	58.2	64.52	0/-3
ParC	NZ_JQRS01000074.1	30.726	179	111	4	4	182	35527	35030	5.90e-18	87.8	55.31	0/-3
ParC	NZ_JQRS01000074.1	28.962	183	114	5	7	188	13049	12546	3.73e-11	67.4	47.54	0/-2
ParC	NZ_AKWY02000020.1	31.285	179	110	3	4	182	211154	211651	7.45e-18	87.8	53.07	0/2
ParC	NZ_AKWY02000020.1	42.308	52	30	0	131	182	236148	236303	2.29e-07	55.8	73.08	0/3
ParC	NZ_APGN01000132.1	30.168	179	112	4	4	182	36594	37091	1.02e-17	87.4	54.75	0/3
ParC	NZ_RQGA01000007.1	31.183	186	105	3	2	182	20422	19919	1.04e-17	87.4	47.31	0/-3
ParC	NZ_RQGA01000007.1	35.484	62	40	0	127	188	256342	256157	1.21e-07	56.6	64.52	0/-3
ParC	NZ_RQHV01000002.1	30.645	186	106	3	2	182	102281	101778	1.10e-17	87.0	47.31	0/-2
ParC	NZ_RQHV01000002.1	37.736	53	33	0	130	182	75166	75008	4.68e-07	55.1	71.70	0/-3
ParC	NZ_BFBA01000014.1	30.645	186	106	3	2	182	256995	256492	1.10e-17	87.0	47.31	0/-1
ParC	NZ_BFBA01000014.1	37.736	53	33	0	130	182	229871	229713	2.74e-07	55.8	73.58	0/-2
ParC	NZ_RQFG01000016.1	32.967	182	107	4	2	182	248390	247887	1.57e-17	86.7	51.10	0/-1
ParC	NZ_RQFG01000016.1	37.097	62	39	0	127	188	221512	221327	3.93e-08	58.2	64.52	0/-2
ParC	NZ_RQHU01000024.1	32.402	179	108	2	4	182	91838	92335	1.60e-17	86.7	49.72	0/2
ParC	NZ_RQHU01000024.1	38.710	62	38	0	127	188	118701	118886	1.01e-07	57.0	62.90	0/3
ParC	NZ_RQFO01000011.1	32.402	179	108	2	4	182	52214	51717	1.63e-17	86.7	49.72	0/-2
ParC	NZ_RQFO01000011.1	37.097	62	39	0	127	188	25357	25172	3.96e-08	58.2	64.52	0/-3
ParC	NZ_RQGG01000010.1	33.889	180	104	4	4	182	182942	182445	1.84e-17	86.7	51.11	0/-3
ParC	NZ_RQGG01000010.1	39.655	58	35	0	131	188	156052	155879	2.72e-08	58.9	67.24	0/-1
ParC	NZ_RQFP01000008.1	30.978	184	104	3	4	182	69473	68976	1.94e-17	86.3	47.28	0/-2
ParC	NZ_RQFP01000008.1	28.934	197	96	6	7	188	42933	42430	5.34e-12	70.1	44.67	0/-1
ParC	NZ_AOGW02000023.1	32.402	179	108	2	4	182	117962	118459	1.98e-17	86.3	49.72	0/2
ParC	NZ_AOGW02000023.1	38.710	62	38	0	127	188	144823	145008	1.80e-08	59.3	64.52	0/1
ParC	NZ_CP020413.2	30.726	179	111	3	4	182	293238	293735	1.98e-17	86.3	53.07	0/3
ParC	NZ_CP020413.2	28.962	183	114	5	7	188	317227	317730	3.02e-11	67.8	47.54	0/1
ParC	NZ_RQFK01000023.1	30.645	186	106	3	2	182	41645	42148	2.02e-17	86.3	47.31	0/2
ParC	NZ_RQFK01000023.1	37.097	62	39	0	127	188	68517	68702	3.69e-08	58.5	64.52	0/3
ParC	NZ_NPDX01000006.1	31.522	184	103	3	4	182	116509	117006	2.21e-17	86.3	47.28	0/1
ParC	NZ_NPDX01000006.1	38.710	62	38	0	127	188	143374	143559	8.83e-09	60.5	67.74	0/1
ParC	NZ_RQHO01000004.1	31.522	184	103	3	4	182	99715	99218	2.41e-17	86.3	47.28	0/-3
ParC	NZ_RQHO01000004.1	38.710	62	38	0	127	188	72826	72641	1.50e-08	59.7	64.52	0/-3
ParC	NZ_RQHF01000042.1	31.522	184	103	3	4	182	121643	122140	2.43e-17	86.3	46.74	0/2
ParC	NZ_RQHF01000042.1	37.097	62	39	0	127	188	148503	148688	5.14e-08	57.8	64.52	0/3
ParC	NZ_RQHA01000012.1	33.889	180	104	4	4	182	138053	137556	2.43e-17	86.3	51.11	0/-1
ParC	NZ_RQHA01000012.1	38.710	62	38	0	127	188	111157	110972	9.75e-09	60.1	67.74	0/-2
ParC	NZ_BFAZ01000010.1	31.522	184	103	3	4	182	221955	221458	2.57e-17	86.3	47.28	0/-2
ParC	NZ_BFAZ01000010.1	38.710	62	38	0	127	188	195065	194880	1.57e-08	59.7	64.52	0/-3
ParC	NZ_AOGZ02000016.1	31.522	184	103	3	4	182	53524	53027	2.59e-17	86.3	46.74	0/-1
ParC	NZ_AOGZ02000016.1	38.710	62	38	0	127	188	26662	26477	1.76e-08	59.3	64.52	0/-1
ParC	NZ_JQGW01000013.1	30.168	179	112	4	4	182	53889	53392	2.62e-17	85.9	54.19	0/-3
ParC	NZ_JQGW01000013.1	29.508	183	113	5	7	188	31170	30667	3.38e-11	67.8	47.54	0/-3
ParC	NZ_RQGD01000014.1	29.891	184	106	3	4	182	113887	113390	2.90e-17	85.9	47.28	0/-1
ParC	NZ_RQGD01000014.1	38.983	59	36	0	130	188	88117	87941	2.97e-08	58.5	69.49	0/-1
ParC	NZ_CP026672.1	30.168	179	112	4	4	182	855	358	2.90e-17	85.9	54.19	0/-1
ParC	NZ_CP026672.1	29.944	177	108	5	7	182	300883	300398	2.32e-11	68.2	48.59	0/-3
ParC	NZ_CP040841.1	30.168	179	112	4	4	182	4	501	3.72e-17	85.5	54.19	0/1
ParC	NZ_CP040841.1	30.108	186	108	6	7	188	22672	23175	3.00e-11	67.8	47.85	0/1
ParC	NZ_CP030143.1	30.168	179	112	4	4	182	253412	252915	6.38e-17	84.7	53.63	0/-3
ParC	NZ_CP030143.1	29.570	186	109	6	7	188	231004	230501	4.05e-11	67.4	47.85	0/-1
ParC	NZ_RQHK01000005.1	30.978	184	104	3	4	182	79899	79402	8.27e-17	84.7	47.28	0/-1
ParC	NZ_RQHK01000005.1	38.710	62	38	0	127	188	53042	52857	1.54e-08	59.7	66.13	0/-2
ParC	NZ_RQFW01000001.1	30.978	184	104	3	4	182	131566	132063	8.27e-17	84.7	47.28	0/1
ParC	NZ_RQFW01000001.1	38.710	62	38	0	127	188	158417	158602	1.73e-08	59.3	66.13	0/2
ParC	NZ_RQFU01000016.1	30.978	184	104	3	4	182	234468	234965	9.78e-17	84.3	47.28	0/3
ParC	NZ_RQFU01000016.1	39.655	58	35	0	131	188	261347	261520	1.74e-07	56.2	65.52	0/2
ParC	NZ_RQGR01000007.1	30.978	184	104	3	4	182	146742	147239	9.78e-17	84.3	47.28	0/3
ParC	NZ_RQGR01000007.1	39.655	58	35	0	131	188	173623	173796	2.04e-07	56.2	65.52	0/1
ParC	NZ_RQFD01000010.1	30.978	184	104	3	4	182	69574	69077	1.01e-16	84.3	47.28	0/-2
ParC	NZ_RQFD01000010.1	38.710	62	38	0	127	188	42664	42479	8.91e-09	60.1	66.13	0/-2
ParC	NZ_NPEC01000006.1	30.978	184	104	3	4	182	156653	156156	1.04e-16	84.3	47.28	0/-3
ParC	NZ_NPEC01000006.1	38.710	62	38	0	127	188	129808	129623	1.34e-08	59.7	66.13	0/-1
ParC	NZ_AYOT01000131.1	28.837	215	140	4	7	219	13196	12585	1.53e-16	83.6	47.44	0/-1
ParC	NZ_JACZ01000006.1	32.512	203	122	5	7	205	37145	37720	1.99e-16	83.6	48.28	0/2
ParC	NZ_JACZ01000006.1	54.545	44	19	1	7	50	28350	28222	7.55e-05	48.1	72.73	0/-3
ParC	NZ_RQGF01000012.1	29.084	251	160	6	7	254	43268	43975	2.57e-16	83.2	47.41	0/2
ParC	NZ_AHOM02000010.1	30.120	249	160	6	7	254	163174	163881	2.60e-16	83.2	48.59	0/1
ParC	NZ_CP028890.1	28.643	199	127	4	7	201	13932	13369	4.70e-16	82.4	49.25	0/-1
ParC	NZ_NPEA01000002.1	30.120	249	160	6	7	254	167694	168401	8.33e-16	81.6	48.59	0/3
ParC	NC_011258.1	27.570	214	136	4	7	215	18857	18258	1.20e-15	81.3	43.93	0/-1
ParC	NC_011260.1	27.570	214	136	4	7	215	34474	33875	1.20e-15	81.3	43.93	0/-2
ParC	NC_011260.1	27.149	221	124	7	7	215	16879	16292	4.02e-12	70.5	45.70	0/-2
ParC	NC_011260.1	29.050	179	112	5	7	182	6220	6720	6.71e-12	69.7	55.31	0/1
ParC	NZ_JACHFC010000008.1	28.169	213	126	6	7	213	13341	12766	1.32e-15	80.9	46.95	0/-3
ParC	NZ_QBLM01000013.1	27.500	200	128	4	4	200	689	1246	1.75e-15	80.5	46.50	0/2
ParC	NZ_JACZ01000027.1	29.231	195	127	3	7	200	2918	2364	1.86e-15	80.5	46.67	0/-2
ParC	NZ_JACHFG010000009.1	29.064	203	119	5	7	201	15575	16132	1.95e-15	80.5	47.29	0/2
ParC	NZ_AYOT01000150.1	30.732	205	127	5	7	207	2223	1642	2.23e-15	80.1	49.27	0/-1
ParC	NC_015916.1	27.230	213	128	5	7	213	14840	15415	5.07e-15	79.3	46.01	0/2
ParC	NZ_JACHFG010000025.1	29.293	198	127	5	7	201	1750	1187	6.02e-15	79.0	47.47	0/-3
ParC	NZ_FMTE01000010.1	29.293	198	127	5	7	201	5272	4709	7.68e-15	78.6	47.47	0/-1
ParC	NZ_AYOU01000037.1	30.151	199	124	5	7	201	2469	3032	8.14e-15	78.6	49.75	0/3
ParC	NC_012497.1	28.079	203	121	5	7	201	6242	5685	1.03e-14	78.2	46.31	0/-3
ParC	NZ_JACZ01000010.1	27.670	206	134	5	7	208	26730	26146	1.11e-14	78.2	49.03	0/-2
ParC	NZ_CP011060.1	27.132	129	94	0	121	249	453565	453951	1.29e-14	78.2	48.06	0/1
ParC	NC_012185.1	27.230	213	128	5	7	213	24656	25231	1.30e-14	78.2	46.01	0/2
ParC	NC_012185.1	27.933	179	102	4	7	177	51659	51180	1.49e-10	65.9	44.69	0/-1
ParC	NZ_JACHFB010000004.1	27.103	214	127	5	7	213	53213	53788	1.36e-14	77.8	45.79	0/2
ParC	NZ_JACHFB010000004.1	27.103	214	127	5	7	213	21156	20581	1.36e-14	77.8	45.79	0/-2
ParC	NZ_JACHFB010000004.1	26.667	210	140	6	7	215	64461	65051	2.18e-10	65.1	50.00	0/3
ParC	NZ_JACHFB010000004.1	26.667	210	140	6	7	215	9908	9318	2.18e-10	65.1	50.00	0/-3
ParC	NZ_QBLM01000004.1	28.788	198	126	5	7	201	20956	20399	1.86e-14	77.4	45.96	0/-3
ParC	NZ_CP015806.1	26.761	213	129	5	7	213	18842	19417	4.61e-14	76.3	45.54	0/2
ParC	NC_012494.1	29.293	198	127	5	7	201	4191	3628	4.61e-14	76.3	46.46	0/-1
ParC	NZ_JACFAX010000009.1	29.293	198	127	5	7	201	28331	28894	4.63e-14	76.3	46.46	0/2
ParC	NC_008569.1	28.037	214	135	6	7	215	17778	18377	4.77e-14	76.3	48.60	0/3
ParC	NZ_MCRM02000004.1	32.335	167	102	2	8	174	71722	71255	4.88e-14	76.3	47.31	0/-3
ParC	NC_015918.1	27.570	214	136	6	7	215	20765	20166	5.60e-14	76.3	47.66	0/-3
ParC	NZ_FMTE01000016.1	28.037	214	135	6	7	215	1531	2130	7.39e-14	75.5	48.60	0/1
ParC	NZ_CP007022.1	25.581	129	96	0	121	249	450883	451269	9.48e-14	75.5	48.06	0/1
ParC	NZ_JACHFB010000005.1	28.037	214	135	6	7	215	56706	57305	1.14e-13	75.1	48.60	0/3
ParC	NZ_JACHFB010000005.1	28.037	214	135	6	7	215	8033	7434	1.14e-13	75.1	48.60	0/-3
ParC	NZ_RQHS01000005.1	29.317	249	162	4	7	254	61283	61990	1.19e-13	75.1	46.59	0/2
ParC	NC_008710.1	26.357	129	95	0	121	249	450999	451385	1.28e-13	75.1	48.06	0/3
ParC	NC_008710.1	44.444	45	25	0	7	51	450699	450833	8.93e-05	47.8	68.89	0/3
ParC	NZ_CP028884.1	26.446	121	89	0	129	249	467545	467907	2.99e-13	73.9	48.76	0/1
ParC	NZ_CP028884.1	47.619	42	22	0	7	48	467215	467340	2.96e-05	49.3	73.81	0/1
ParC	NZ_CP024337.1	25.592	211	132	5	7	208	30621	30037	6.12e-13	72.8	46.92	0/-1
ParC	NZ_CP015799.1	28.019	207	135	5	7	211	19391	19975	7.26e-13	72.8	44.44	0/2
ParC	NZ_CP013704.1	23.256	129	99	0	121	249	444722	445108	8.66e-13	72.4	47.29	0/2
ParC	NZ_FMTE01000033.1	25.000	200	129	5	7	201	144	695	9.30e-13	71.6	48.00	0/3
ParC	NZ_CP024333.1	24.806	129	97	0	121	249	457467	457081	9.94e-13	72.4	47.29	0/-1
ParC	NZ_LN609267.1	24.806	129	97	0	121	249	454045	454431	1.60e-12	71.6	46.51	0/1
ParC	NC_011229.1	24.806	129	97	0	121	249	461623	462009	1.71e-12	71.6	46.51	0/1
ParC	NZ_AYOU01000163.1	24.806	129	97	0	121	249	72382	71996	1.74e-12	71.6	46.51	0/-3
ParC	NZ_AYOU01000163.1	39.655	58	35	0	7	64	72682	72509	4.48e-05	48.9	60.34	0/-3
ParC	NZ_NPEF01000069.1	30.645	186	107	6	7	188	1003	1506	2.17e-12	71.2	49.46	0/1
ParC	NZ_AYOU01000076.1	25.909	220	140	6	7	219	2132	1521	2.21e-12	71.2	45.00	0/-2
ParC	NZ_JACHFG010000055.1	25.000	200	129	5	7	201	1827	1276	2.22e-12	70.9	48.00	0/-3
ParC	NC_011254.1	25.909	220	140	6	7	219	17056	16445	2.38e-12	71.2	45.00	0/-3
ParC	NZ_CP028888.1	30.726	179	101	5	7	170	9719	10231	2.42e-12	71.2	48.04	0/2
ParC	NZ_QBLM01000010.1	25.000	200	129	5	7	201	3541	2990	2.54e-12	70.9	48.00	0/-3
ParC	NC_011256.1	27.602	221	123	7	7	215	38180	38767	3.58e-12	70.5	45.25	0/2
ParC	NC_015906.1	25.000	200	129	5	7	201	9169	9720	3.68e-12	70.5	47.50	0/1
ParC	NC_015906.1	56.818	44	18	1	7	50	56799	56927	6.83e-06	51.2	72.73	0/3
ParC	NC_015906.1	31.325	83	56	1	129	211	35849	35604	7.53e-06	51.2	54.22	0/-1
ParC	NC_015906.1	46.154	52	28	0	7	58	36188	36033	2.08e-05	49.7	59.62	0/-1
ParC	NC_011263.1	20.833	216	157	5	7	219	1490	876	4.06e-12	70.5	47.22	0/-1
ParC	NZ_AYOU01000064.1	20.833	216	157	5	7	219	8858	9472	4.09e-12	70.5	47.69	0/2
ParC	NZ_AYOU01000064.1	20.833	216	157	5	7	219	1427	813	4.09e-12	70.5	47.69	0/-2
ParC	NZ_JACZ01000019.1	26.341	205	138	4	7	208	2642	3226	5.13e-12	70.1	44.39	0/2
ParC	NZ_JACZ01000031.1	23.944	213	148	4	7	217	4496	5098	5.35e-12	70.1	47.42	0/2
ParC	NC_012515.1	25.000	200	129	5	7	201	20790	21341	5.75e-12	70.1	47.50	0/3
ParC	NZ_NPDS01000004.1	30.645	186	107	6	7	188	15123	15626	1.32e-11	68.9	47.85	0/3
ParC	NZ_APGN01000163.1	30.556	180	103	6	7	182	26449	26934	1.40e-11	68.9	48.89	0/1
ParC	NC_008273.1	24.873	197	133	4	7	201	27100	26549	1.46e-11	68.9	48.73	0/-2
ParC	NC_012509.1	27.143	210	139	6	7	215	20904	21494	1.50e-11	68.6	49.52	0/3
ParC	NZ_QBLM01000007.1	27.619	210	138	6	7	215	4718	4128	1.66e-11	68.6	49.52	0/-3
ParC	NZ_JACHFG010000006.1	23.383	201	128	5	7	200	18743	18198	1.68e-11	68.6	46.27	0/-3
ParC	NZ_CP024336.1	24.752	202	127	6	7	201	23594	24145	2.02e-11	68.2	50.00	0/2
ParC	NC_012176.1	30.286	175	97	6	7	174	19558	19088	2.16e-11	68.2	49.71	0/-1
ParC	NZ_AYOU01000143.1	26.768	198	128	6	7	201	1379	1930	2.26e-11	68.2	54.55	0/2
ParC	NZ_AYOU01000018.1	28.205	195	128	4	7	201	2025	2573	2.31e-11	68.2	43.08	0/3
ParC	NC_015909.1	27.143	210	139	6	7	215	20590	21180	2.32e-11	68.2	49.52	0/1
ParC	NZ_JACHGJ010000004.1	27.429	175	110	2	9	183	278146	277673	2.41e-11	68.2	46.86	0/-3
ParC	NZ_JACHGJ010000004.1	27.429	175	110	2	9	183	268346	267873	2.41e-11	68.2	46.86	0/-2
ParC	NZ_KB891760.1	27.317	205	137	3	10	213	69559	68978	3.16e-11	67.8	39.02	0/-2
ParC	NZ_LPWH01000062.1	27.317	205	137	3	10	213	70865	70284	3.82e-11	67.4	39.02	0/-3
ParC	NZ_CP024350.1	21.296	216	155	6	7	219	4477	5088	4.33e-11	67.4	47.69	0/1
ParC	NC_011261.1	28.205	195	128	4	7	201	1674	2222	4.98e-11	67.0	43.08	0/3
ParC	NZ_JACHFG010000014.1	31.707	164	102	6	7	170	6540	7001	5.99e-11	66.6	51.83	0/3
ParC	NZ_AYOT01000089.1	26.471	204	118	6	7	201	1788	1246	6.12e-11	66.6	45.59	0/-2
ParC	NC_012239.1	32.927	164	100	6	7	170	6133	6594	6.68e-11	66.6	51.83	0/1
ParC	NZ_FMTE01000018.1	27.219	169	110	3	7	174	1775	2245	7.13e-11	66.6	46.75	0/2
ParC	NT_167351.1	32.927	164	100	6	7	170	10582	10121	7.50e-11	66.6	51.83	0/-1
ParC	NZ_JACZ01000011.1	24.752	202	127	6	7	201	8769	8218	7.65e-11	66.6	50.50	0/-3
ParC	NZ_JACHFC010000014.1	26.667	210	140	6	7	215	5117	4527	7.93e-11	66.6	50.48	0/-1
ParC	NC_011257.1	25.743	202	125	6	7	201	17462	18013	9.04e-11	66.2	50.00	0/2
ParC	NZ_CP014521.1	21.296	216	155	6	7	219	3605	4216	9.04e-11	66.2	47.22	0/2
ParC	NZ_ABKB02000026.1	28.241	216	128	6	7	215	1185	598	9.07e-11	65.5	43.52	0/-3
ParC	NZ_CP044538.1	32.317	164	101	6	7	170	4824	5285	9.28e-11	66.2	51.83	0/3
ParC	NZ_AYOU01000050.1	25.248	202	126	6	7	201	18411	18962	9.35e-11	66.2	50.50	0/3
ParC	NC_008566.1	27.586	174	109	4	7	177	12983	13462	1.04e-10	66.2	50.00	0/2
ParC	NC_011255.1	28.205	195	128	4	7	201	17017	17565	1.32e-10	65.9	43.08	0/1
ParC	NZ_AYOT01000102.1	19.907	216	159	5	7	219	4051	4665	1.43e-10	65.9	47.22	0/1
ParC	NZ_AYOT01000102.1	19.907	216	159	5	7	219	18000	17386	1.43e-10	65.9	47.22	0/-1
ParC	NZ_AYOT01000102.1	19.907	216	159	5	7	219	15213	15827	1.43e-10	65.9	47.22	0/3
ParC	NZ_AYOT01000102.1	19.907	216	159	5	7	219	6838	6224	1.43e-10	65.9	47.22	0/-3
ParC	NZ_JACHFC010000013.1	30.000	170	99	4	7	171	7575	7111	1.68e-10	65.5	50.00	0/-2
ParC	NZ_AYOT01000048.1	28.070	171	101	5	7	171	1742	1278	1.79e-10	65.1	47.37	0/-3
ParC	NZ_CP019363.1	22.120	217	152	7	7	219	3757	4368	2.09e-10	65.1	46.54	0/1
ParC	NZ_CP028889.1	25.248	202	126	6	7	201	7500	6949	2.10e-10	65.1	49.50	0/-3
ParC	NZ_CP024338.1	27.230	213	134	6	7	215	15206	15793	2.19e-10	65.1	46.01	0/2
ParC	NZ_UFQO01000001.1	24.793	242	163	7	1	239	92318	91641	2.47e-10	65.1	43.39	0/-2
ParC	NC_011252.1	24.752	202	127	6	7	201	17449	18000	3.13e-10	64.7	49.50	0/1
ParC	NC_012204.1	24.762	210	137	6	7	213	19673	20248	3.19e-10	64.7	43.33	0/2
ParC	NZ_FTMS01000011.1	26.341	205	139	3	10	213	68533	67952	3.29e-10	64.7	39.02	0/-3
ParC	NZ_AYOT01000106.1	28.643	199	118	6	7	200	2213	1674	3.75e-10	64.3	48.74	0/-1
ParC	NZ_QBLM01000006.1	24.277	173	120	3	7	178	10000	10488	4.74e-10	64.3	49.13	0/1
ParC	NZ_JACHFC010000006.1	23.383	201	128	5	7	200	6720	7265	4.81e-10	64.3	44.78	0/3
ParC	NZ_CP019365.1	23.902	205	137	6	7	208	958	392	5.11e-10	63.9	47.32	0/-2
ParC	NZ_CP024347.1	27.679	224	133	8	7	225	4558	3959	5.30e-10	63.9	44.64	0/-2
ParC	NZ_AYOU01000025.1	26.570	207	135	6	7	212	2478	1906	5.58e-10	63.9	45.41	0/-3
ParC	NC_012265.1	29.091	165	107	3	7	171	20783	21247	6.56e-10	63.5	47.88	0/2
ParC	NZ_JACFAX010000011.1	29.091	165	107	3	7	171	20842	21306	6.57e-10	63.5	47.88	0/1
ParC	NC_012129.1	23.590	195	135	4	7	200	9225	9770	6.73e-10	63.5	47.69	0/3
ParC	NZ_BFAZ01000011.1	26.829	205	133	4	8	209	55015	54443	6.83e-10	63.5	42.44	0/-2
ParC	NZ_JACZ01000014.1	26.512	215	119	8	7	208	19361	19927	7.15e-10	63.5	45.12	0/2
ParC	NC_012252.1	26.852	216	131	6	7	215	20847	21434	8.09e-10	63.5	43.52	0/3
ParC	NC_015910.1	25.714	210	126	5	7	201	21348	21932	8.31e-10	63.5	46.67	0/3
ParC	NC_015386.1	25.316	237	150	5	7	234	150349	151005	9.24e-10	63.2	41.35	0/1
ParC	NC_011251.1	25.974	231	129	8	7	225	16548	15946	9.57e-10	63.2	44.59	0/-1
ParC	NC_011265.1	26.316	209	133	7	7	212	25615	25043	1.08e-09	63.2	47.37	0/-2
ParC	NZ_JACFAX010000002.1	25.128	195	132	4	7	200	9184	9729	1.11e-09	63.2	48.21	0/1
ParC	NZ_JACHFG010000062.1	30.409	171	97	5	7	171	61	525	1.15e-09	62.4	49.12	0/1
ParC	NZ_CP015800.1	26.852	216	131	6	7	215	20595	21182	1.37e-09	62.8	43.52	0/3
ParC	NZ_CP019364.1	24.257	202	128	6	7	201	24389	24940	1.66e-09	62.4	49.50	0/2
ParC	NZ_FMTE01000020.1	28.824	170	101	4	7	171	1908	1444	2.04e-09	62.0	50.00	0/-2
ParC	NZ_JACHFG010000049.1	28.155	206	121	6	7	205	2159	1602	2.10e-09	61.6	43.20	0/-1
ParC	NZ_FMTE01000006.1	28.837	215	129	9	7	215	18076	18666	2.27e-09	62.0	49.30	0/1
ParC	NZ_JACHFB010000008.1	25.128	195	132	4	7	200	4740	4195	2.36e-09	62.0	47.69	0/-3
ParC	NZ_QHCT01000011.1	29.341	167	88	4	7	162	41716	41273	2.40e-09	62.0	42.51	0/-1
ParC	NZ_RQFO01000017.1	25.967	181	109	3	7	178	802356	801862	2.94e-09	61.6	39.23	0/-1
ParC	NC_012131.1	30.409	171	97	5	7	171	11112	10648	3.19e-09	61.6	49.12	0/-2
ParC	NC_012131.1	29.825	171	98	5	7	171	19496	19960	1.03e-08	60.1	48.54	0/2
ParC	NZ_FUXC01000013.1	25.316	237	150	5	7	234	14964	14308	3.26e-09	61.6	42.19	0/-3
ParC	NZ_JACHFB010000016.1	26.852	216	131	6	7	215	4602	4015	4.25e-09	61.2	43.06	0/-1
ParC	NZ_QBLM01000011.1	24.762	210	128	5	7	201	3476	2892	4.59e-09	60.8	46.67	0/-3
ParC	NZ_AYOT01000083.1	26.733	202	120	6	7	201	960	1502	4.78e-09	60.8	48.02	0/3
ParC	NZ_CP015809.1	26.699	206	115	6	7	201	14103	14645	4.92e-09	61.2	45.63	0/3
ParC	NC_012132.1	23.164	177	125	3	7	182	9138	9638	5.42e-09	60.8	49.15	0/3
ParC	NZ_FMTE01000038.1	26.389	216	132	6	7	215	97	684	5.50e-09	60.1	43.06	0/1
ParC	NZ_AYOT01000088.1	25.000	184	117	4	7	184	30056	30562	5.85e-09	60.8	50.00	0/2
ParC	NZ_FMTE01000007.1	23.005	213	150	4	7	217	5535	6137	8.43e-09	60.5	43.19	0/3
ParC	NZ_CP044539.1	22.886	201	129	5	7	200	6265	6810	9.23e-09	60.1	44.28	0/1
ParC	NZ_JACZ01000026.1	29.293	198	125	6	7	201	7761	8318	1.27e-08	59.7	46.97	0/3
ParC	NZ_RQHW01000002.1	30.573	157	96	5	8	161	13481	13921	1.29e-08	59.7	43.31	0/2
ParC	NC_015908.1	25.000	212	140	6	7	215	21333	21920	1.59e-08	59.3	45.75	0/3
ParC	NZ_JACHFC010000004.1	26.214	206	116	6	7	201	35839	35297	2.19e-08	58.9	45.63	0/-1
ParC	NZ_AYOU01000040.1	24.537	216	137	7	7	215	2572	3162	2.48e-08	58.9	45.83	0/1
ParC	NZ_JACHFB010000003.1	27.841	176	95	5	7	171	13587	14051	2.71e-08	58.9	47.73	0/3
ParC	NZ_JACHFB010000003.1	27.841	176	95	5	7	171	91394	90930	2.71e-08	58.9	47.73	0/-3
ParC	NZ_RQFW01000026.1	55.738	61	23	2	8	66	29400	29576	2.97e-08	58.5	68.85	0/3
ParC	NZ_JACHFB010000017.1	28.205	195	126	5	7	201	1998	2540	3.74e-08	58.2	45.64	0/3
ParC	NC_012177.1	25.728	206	117	6	7	201	13375	13917	4.18e-08	58.2	45.63	0/1
ParC	NZ_JACHFR010000004.1	28.387	155	96	4	6	160	120607	120188	4.41e-08	58.2	44.52	0/-3
ParC	NC_012504.1	25.728	206	117	6	7	201	13592	14134	5.05e-08	57.8	45.63	0/2
ParC	NC_011248.1	27.136	199	125	5	7	201	29210	28662	5.40e-08	57.8	44.72	0/-2
ParC	NZ_AYOU01000115.1	27.136	199	125	5	7	201	4298	3750	5.53e-08	57.8	44.72	0/-3
ParC	NZ_CP014520.1	22.340	188	115	3	7	183	20379	20882	5.87e-08	57.8	44.15	0/3
ParC	NC_012234.1	24.757	206	119	6	7	201	13477	14019	6.01e-08	57.8	42.72	0/1
ParC	NC_012234.1	52.273	44	20	1	7	50	60150	60278	2.56e-05	49.7	79.55	0/3
ParC	NC_008564.1	25.728	206	117	6	7	201	16034	16576	6.05e-08	57.8	45.63	0/2
ParC	NC_015919.1	24.272	206	120	6	7	201	13647	14189	7.30e-08	57.4	42.72	0/3
ParC	NZ_RQEQ01000072.1	29.091	165	106	3	7	171	22461	22000	8.71e-08	57.4	47.88	0/-3
ParC	NZ_CP044536.1	25.243	206	118	6	7	201	13814	14356	9.29e-08	57.0	46.12	0/2
ParC	NC_012164.1	26.368	201	122	6	7	201	15431	15973	9.81e-08	57.0	46.27	0/2
ParC	NZ_FMTE01000005.1	25.243	206	118	6	7	201	15552	16094	1.03e-07	57.0	45.63	0/3
ParC	NZ_RQHF01000038.1	28.718	195	126	4	9	202	35840	36388	1.04e-07	57.0	44.62	0/2
ParC	NZ_JACHFC010000011.1	25.728	206	117	6	7	201	7584	7042	1.64e-07	56.2	44.17	0/-2
ParC	NZ_FMTE01000027.1	32.609	92	58	2	130	219	486	755	1.98e-07	55.8	56.52	0/3
ParC	NZ_FMTE01000027.1	45.455	44	24	0	7	50	144	275	1.05e-05	50.4	70.45	0/3
ParC	NZ_RQFU01000008.1	49.153	59	30	0	8	66	22604	22428	1.99e-07	56.2	64.41	0/-2
ParC	NC_012133.1	25.243	206	118	6	7	201	19454	19996	2.11e-07	55.8	43.20	0/2
ParC	NZ_ABCW02000010.1	25.243	206	118	6	7	201	28121	27579	2.12e-07	55.8	43.20	0/-2
ParC	NC_008567.1	25.243	206	118	6	7	201	20848	21390	2.68e-07	55.8	43.69	0/1
ParC	NZ_JACHFG010000021.1	25.243	206	118	6	7	201	3197	3739	2.69e-07	55.5	42.72	0/2
ParC	NZ_JACHFG010000007.1	55.556	45	20	0	7	51	17177	17311	2.76e-07	55.5	68.89	0/2
ParC	NZ_JACHFG010000007.1	32.432	74	48	1	130	201	17513	17734	8.88e-07	53.9	55.41	0/2
ParC	NZ_JACZ01000043.1	32.927	82	54	1	130	211	2216	2458	3.06e-07	55.5	57.32	0/2
ParC	NZ_JACZ01000043.1	52.273	44	21	0	7	50	1874	2005	7.02e-06	51.2	68.18	0/2
ParC	NZ_RQFD01000021.1	32.692	156	88	4	8	160	29958	29533	3.33e-07	55.5	48.72	0/-2
ParC	NC_008565.1	32.143	84	53	1	130	213	14515	14754	4.18e-07	55.1	53.57	0/1
ParC	NC_008565.1	52.273	44	21	0	7	50	57317	57448	1.72e-06	53.1	70.45	0/2
ParC	NC_008565.1	53.333	45	21	0	7	51	14179	14313	1.78e-06	53.1	71.11	0/1
ParC	NZ_JACFAX010000004.1	53.333	45	21	0	7	51	15338	15472	4.96e-07	54.7	73.33	0/2
ParC	NZ_JACFAX010000004.1	28.916	83	55	1	131	213	15677	15913	6.03e-05	48.1	48.19	0/2
ParC	NZ_JACFAX010000003.1	24.757	206	119	6	7	201	18122	18664	5.11e-07	54.7	45.63	0/2
ParC	NC_017804.1	24.757	206	119	6	7	201	41880	41338	5.13e-07	54.7	45.63	0/-3
ParC	NZ_QBLM01000003.1	24.272	206	120	6	7	201	35399	34857	5.26e-07	54.7	42.23	0/-3
ParC	NZ_AYOU01000157.1	25.500	200	125	5	7	201	2454	1912	5.31e-07	54.7	47.00	0/-1
ParC	NC_012183.1	32.143	84	53	1	130	213	19956	20195	5.80e-07	54.7	53.57	0/3
ParC	NC_012183.1	53.333	45	21	0	7	51	19620	19754	1.72e-06	53.1	71.11	0/3
ParC	NZ_CP015962.1	24.312	218	103	6	7	200	1836	2375	6.01e-07	54.7	38.07	0/3
ParC	NZ_CP019366.1	52.273	44	21	0	7	50	9089	8958	6.65e-07	54.3	70.45	0/-2
ParC	NZ_CP019366.1	38.356	73	43	1	131	201	8744	8526	6.20e-06	51.6	56.16	0/-2
ParC	NZ_QBLM01000005.1	53.333	45	21	0	7	51	23885	24019	6.78e-07	54.3	73.33	0/2
ParC	NZ_QBLM01000005.1	28.916	83	55	1	131	213	24224	24460	5.43e-05	48.5	48.19	0/2
ParC	NZ_AYOT01000105.1	56.818	44	18	1	7	50	2349	2221	6.79e-07	54.3	77.27	0/-1
ParC	NC_015911.1	24.771	218	102	6	7	200	1830	2369	6.83e-07	54.3	38.07	0/3
ParC	NZ_CP044541.1	53.333	45	21	0	7	51	13583	13717	7.43e-07	54.3	73.33	0/2
ParC	NZ_CP044541.1	28.571	84	56	1	130	213	13919	14158	3.32e-05	49.3	48.81	0/2
ParC	NZ_CP015808.1	53.333	45	21	0	7	51	21447	21313	8.57e-07	54.3	73.33	0/-3
ParC	NZ_CP015808.1	28.916	83	55	1	131	213	21108	20872	6.10e-05	48.1	48.19	0/-3
ParC	NC_012190.1	54.545	44	20	0	7	50	9725	9594	8.60e-07	53.9	75.00	0/-1
ParC	NC_012190.1	28.916	83	55	1	131	213	9386	9150	8.56e-05	47.8	48.19	0/-1
ParC	NC_012496.1	53.333	45	21	0	7	51	14318	14184	8.86e-07	53.9	73.33	0/-2
ParC	NZ_FMTE01000011.1	42.623	61	34	1	7	66	6785	6967	9.26e-07	53.9	67.21	0/2
ParC	NC_011226.1	59.091	44	17	1	7	50	8362	8490	9.49e-07	53.9	75.00	0/1
ParC	NZ_JACHFG010000052.1	32.099	81	53	1	130	208	1746	1504	9.92e-07	53.5	56.79	0/-1
ParC	NZ_JACHFG010000052.1	45.455	44	24	0	7	50	2088	1957	8.46e-06	50.8	70.45	0/-1
ParC	NC_015920.1	53.333	45	21	0	7	51	5679	5545	1.02e-06	53.9	68.89	0/-1
ParC	NC_015920.1	32.432	74	48	1	130	201	5343	5122	1.66e-06	53.1	56.76	0/-1
ParC	NZ_CP015797.1	47.727	44	23	0	7	50	9243	9374	1.07e-06	53.9	75.00	0/3
ParC	NC_012267.1	47.727	44	23	0	7	50	9304	9435	1.18e-06	53.5	75.00	0/1
ParC	NZ_CP024348.1	52.273	44	21	0	7	50	2410	2279	1.26e-06	53.5	70.45	0/-3
ParC	NZ_JACHFB010000026.1	31.325	83	56	1	129	211	741	986	1.33e-06	53.1	55.42	0/3
ParC	NZ_JACHFB010000026.1	50.000	44	22	0	7	50	402	533	1.30e-05	50.1	65.91	0/3
ParC	NZ_ABKB02000020.1	55.556	45	19	1	7	51	99	230	1.44e-06	52.0	71.11	0/3
ParC	NZ_FMTE01000026.1	52.273	44	21	0	7	50	764	633	1.58e-06	53.1	70.45	0/-2
ParC	NZ_AYOT01000104.1	28.235	170	102	5	7	171	2319	1855	1.64e-06	53.1	50.59	0/-2
ParC	NZ_AYOU01000017.1	30.488	82	55	1	129	208	1833	1588	1.75e-06	53.1	54.88	0/-2
ParC	NZ_AYOU01000017.1	52.273	44	21	0	7	50	2172	2041	1.27e-05	50.4	68.18	0/-2
ParC	NZ_JACFAX010000007.1	53.333	45	21	0	7	51	15962	16096	1.75e-06	53.1	71.11	0/2
ParC	NZ_JACFAX010000007.1	30.952	84	54	1	130	213	16298	16537	2.72e-06	52.4	52.38	0/2
ParC	NZ_JACHFB010000030.1	30.435	92	60	2	130	219	430	699	2.03e-06	52.4	54.35	0/1
ParC	NZ_JACHFB010000030.1	45.455	44	24	0	7	50	88	219	7.43e-06	50.8	70.45	0/1
ParC	NZ_AYOU01000146.1	35.616	73	45	1	131	201	12190	11972	2.04e-06	52.8	57.53	0/-2
ParC	NZ_AYOU01000146.1	42.623	61	34	1	7	66	12535	12353	4.67e-06	52.0	60.66	0/-2
ParC	NZ_CP028887.1	26.061	165	112	2	7	171	21980	21516	2.06e-06	52.8	44.24	0/-3
ParC	NZ_CP028887.1	23.656	93	71	0	127	219	30027	29749	4.58e-05	48.5	47.31	0/-2
ParC	NZ_AYOU01000065.1	26.667	165	111	4	7	171	2485	2949	2.08e-06	52.8	50.91	0/1
ParC	NC_012260.1	29.348	92	61	2	130	219	21644	21913	2.62e-06	52.8	55.43	0/2
ParC	NC_012260.1	47.727	44	23	0	7	50	21302	21433	1.26e-05	50.4	68.18	0/2
ParC	NC_012130.1	55.556	45	19	1	7	51	1849	1980	2.75e-06	52.4	73.33	0/1
ParC	NZ_ABCW02000007.1	30.435	92	60	2	130	219	3299	3568	2.76e-06	52.4	54.35	0/2
ParC	NZ_ABCW02000007.1	45.455	44	24	0	7	50	2957	3088	1.08e-05	50.8	70.45	0/2
ParC	NZ_CP024344.1	53.333	45	21	0	7	51	1930	1796	2.85e-06	52.4	71.11	0/-1
ParC	NZ_CP015801.1	30.435	92	60	2	130	219	20981	21250	3.48e-06	52.4	54.35	0/2
ParC	NZ_CP015801.1	45.455	44	24	0	7	50	20639	20770	1.12e-05	50.4	70.45	0/2
ParC	NZ_AYOU01000093.1	50.000	44	21	1	7	50	1475	1603	3.55e-06	52.0	77.27	0/2
ParC	NC_012512.1	45.455	44	24	0	7	50	9302	9433	3.89e-06	52.0	72.73	0/2
ParC	NZ_CP019362.1	23.256	172	108	5	7	171	20812	20348	4.01e-06	52.0	45.93	0/-2
ParC	NZ_FMTE01000041.1	44.615	65	30	2	7	66	97	288	4.40e-06	51.2	66.15	0/1
ParC	NC_012247.1	56.818	44	18	1	7	50	32484	32612	5.76e-06	51.6	72.73	0/3
ParC	NC_015904.1	30.435	92	60	2	130	219	21089	21358	6.19e-06	51.6	53.26	0/2
ParC	NC_015904.1	45.455	44	24	0	7	50	20747	20878	1.58e-05	50.1	70.45	0/2
ParC	NC_011262.1	56.818	44	18	1	7	50	11779	11651	6.20e-06	51.6	75.00	0/-1
ParC	NZ_FMTE01000034.1	54.545	44	19	1	7	50	282	410	6.43e-06	50.8	79.55	0/3
ParC	NC_015903.1	54.545	44	19	1	7	50	21105	21233	6.53e-06	51.2	79.55	0/3
ParC	NC_012518.1	56.818	44	18	1	7	50	21374	21502	6.59e-06	51.2	72.73	0/2
ParC	NZ_CP035808.1	39.344	61	36	1	7	66	14053	13871	6.90e-06	51.2	60.66	0/-3
ParC	NZ_RQEQ01000031.1	58.140	43	18	0	8	50	3673	3801	7.38e-06	51.2	74.42	0/1
ParC	NZ_CP019369.1	56.818	44	18	1	7	50	14596	14724	8.41e-06	50.8	75.00	0/1
ParC	NZ_ABKB02000022.1	56.818	44	18	1	7	50	291	163	8.94e-06	50.1	72.73	0/-1
ParC	NZ_KI912386.1	54.545	44	19	1	7	50	11005	10877	9.04e-06	50.8	72.73	0/-1
ParC	NZ_AYOU01000068.1	43.077	65	31	2	7	66	3206	3015	9.18e-06	50.8	67.69	0/-2
ParC	NC_015907.1	45.455	44	24	0	7	50	9304	9435	9.46e-06	50.8	72.73	0/1
ParC	NZ_ABCW02000008.1	54.545	44	19	1	7	50	2504	2632	9.46e-06	50.8	79.55	0/2
ParC	NC_017725.1	48.837	43	22	0	8	50	9172	9300	9.63e-06	50.8	76.74	0/1
ParC	NZ_RQEQ01000014.1	58.140	43	18	0	8	50	613	741	1.11e-05	50.4	74.42	0/1
ParC	NC_008274.1	46.512	43	23	0	7	49	9154	9282	1.17e-05	50.4	72.09	0/1
ParC	NZ_CP019368.1	56.818	44	18	1	7	50	9251	9123	1.22e-05	50.4	75.00	0/-2
ParC	NZ_JACFAX010000012.1	56.818	44	18	1	7	50	18985	19113	1.33e-05	50.4	72.73	0/1
ParC	NZ_CP015798.1	43.077	65	31	2	7	66	20656	20847	1.41e-05	50.4	66.15	0/1
ParC	NZ_JACHFB010000011.1	56.818	44	18	1	7	50	5609	5737	1.43e-05	50.1	72.73	0/2
ParC	NZ_JACHFG010000012.1	52.273	44	20	1	7	50	3023	2895	1.50e-05	50.1	79.55	0/-3
ParC	NZ_JACHFG010000030.1	43.077	65	31	2	7	66	3119	2928	1.78e-05	49.7	66.15	0/-1
ParC	NZ_RQET01000013.1	54.545	44	20	0	7	50	10274	10143	1.94e-05	50.1	75.00	0/-3
ParC	NZ_JACHGJ010000001.1	33.333	54	36	0	130	183	147250	147411	1.99e-05	49.7	62.96	0/1
ParC	NZ_JACHFG010000018.1	56.818	44	18	1	7	50	2779	2907	2.12e-05	49.7	72.73	0/1
ParC	NZ_AYOT01000103.1	54.545	44	19	1	7	50	2297	2169	2.16e-05	49.7	77.27	0/-3
ParC	NZ_AYOU01000139.1	53.191	47	20	2	7	53	8134	8000	2.48e-05	49.7	76.60	0/-1
ParC	NZ_CP044542.1	56.818	44	18	1	7	50	13942	14070	2.50e-05	49.7	70.45	0/1
ParC	NZ_AYOT01000084.1	56.818	44	18	1	7	50	960	1088	3.04e-05	48.9	75.00	0/3
ParC	NZ_CP024335.1	56.818	44	18	1	7	50	47032	46904	3.33e-05	49.3	72.73	0/-3
ParC	NC_011259.1	52.273	44	20	1	7	50	7551	7423	3.34e-05	49.3	77.27	0/-3
ParC	NZ_JACFAX010000006.1	52.273	44	20	1	7	50	23299	23171	3.44e-05	49.3	75.00	0/-1
ParC	NZ_JACFAX010000006.1	51.111	45	21	1	7	51	41152	41021	7.69e-05	48.1	71.11	0/-1
ParC	NZ_AYOU01000081.1	56.818	44	18	1	7	50	2655	2527	3.50e-05	48.9	72.73	0/-2
ParC	NZ_AYOU01000005.1	54.545	44	19	1	7	50	2397	2525	4.16e-05	48.9	77.27	0/3
ParC	NZ_JACHFG010000011.1	51.111	45	21	1	7	51	2601	2470	4.22e-05	48.9	71.11	0/-1
ParC	NC_011245.1	54.545	44	19	1	7	50	3311	3183	4.45e-05	48.9	77.27	0/-1
ParC	NZ_CP015804.1	51.111	45	21	1	7	51	12595	12464	4.48e-05	48.9	71.11	0/-3
ParC	NZ_FMTE01000009.1	51.111	45	21	1	7	51	11489	11620	4.50e-05	48.9	71.11	0/2
ParC	NZ_JACHFC010000009.1	51.111	45	21	1	7	51	13047	12916	4.81e-05	48.5	71.11	0/-2
ParC	NZ_JACHFG010000008.1	46.667	45	24	0	7	51	19731	19865	4.85e-05	48.5	71.11	0/3
ParC	NZ_JPUF01000027.1	47.727	44	23	0	10	53	23644	23775	5.12e-05	48.5	68.18	0/1
ParC	NC_012166.1	51.111	45	21	1	7	51	4272	4403	5.33e-05	48.5	71.11	0/3
ParC	NC_012166.1	51.111	45	21	1	7	51	15110	15241	5.72e-05	48.5	71.11	0/2
ParC	NC_015922.1	51.111	45	21	1	7	51	13103	12972	5.58e-05	48.5	71.11	0/-3
ParC	NZ_JACHFB010000007.1	51.111	45	21	1	7	51	13729	13598	6.01e-05	48.5	71.11	0/-2
ParC	NZ_AOGW02000012.1	25.595	168	107	3	8	171	39801	40262	6.44e-05	48.1	47.02	0/3
ParC	NZ_AYOU01000154.1	50.000	44	21	1	7	50	3791	3919	6.44e-05	48.1	75.00	0/2
ParC	NZ_JACHFB010000015.1	52.273	44	20	1	7	50	2075	2203	6.61e-05	48.1	77.27	0/2
ParC	NZ_AGRW01000045.1	53.659	41	18	1	9	49	103363	103482	6.77e-05	48.1	78.05	0/1
ParC	NZ_JACHFB010000009.1	55.814	43	18	1	8	50	3806	3931	9.81e-05	47.8	74.42	0/2


