# tblastn
# Iteration: 0
# Query: ParA
# RID: 6YFUU7X9016
# Database: ref_prok_rep_genomes
# Fields: query acc.ver, subject acc.ver, % identity, alignment length, mismatches, gap opens, q. start, q. end, s. start, s. end, evalue, bit score, % positives, query/sbjct frames
# 580 hits found
ParA	NZ_LSYZ01000185.1	59.073	259	97	3	4	262	9405	10154	2.92e-85	282	75.68	0/3
ParA	NZ_JXCA02000018.1	44.574	258	131	4	4	261	14803	14066	5.87e-53	189	61.63	0/-1
ParA	NZ_CP042330.1	42.308	260	139	4	1	259	13607	12858	4.94e-51	184	59.62	0/-3
ParA	NZ_JACJRG010000047.1	42.023	257	138	4	6	261	26964	27704	8.38e-51	183	59.53	0/3
ParA	NZ_JACJRG010000047.1	55.000	40	18	0	6	45	34965	34846	3.00e-05	50.1	72.50	0/-2
ParA	NZ_JACJQL010000062.1	42.023	257	138	4	6	261	516	1256	2.02e-50	182	59.53	0/3
ParA	NZ_JACJQL010000062.1	38.846	260	139	6	4	259	10523	11254	8.65e-38	146	55.00	0/2
ParA	NZ_LR214373.1	41.923	260	140	4	4	262	2224	2973	1.66e-49	179	60.00	0/1
ParA	NZ_JAAVJL010000007.1	40.840	262	143	5	1	261	26992	27744	1.58e-48	177	58.02	0/1
ParA	NZ_JAATWA010000002.1	40.076	262	145	5	1	261	24987	25739	2.29e-47	174	57.63	0/3
ParA	NZ_JAATWA010000002.1	25.651	269	172	7	5	261	213389	212631	2.82e-11	68.6	44.98	0/-1
ParA	NZ_JAATWA010000002.1	52.174	46	22	0	210	255	26851	26988	3.74e-07	55.8	67.39	0/1
ParA	NZ_JACJTD010000079.1	40.078	257	143	4	6	261	11343	10603	3.68e-47	173	57.98	0/-2
ParA	NZ_JACJQU010000037.1	39.689	257	144	4	6	261	17995	17255	1.19e-46	171	56.81	0/-3
ParA	NZ_LSYZ01000117.1	40.370	270	138	4	4	260	8465	9244	2.80e-42	159	52.96	0/2
ParA	NZ_JADEWN010000041.1	39.669	242	131	4	4	243	29329	28643	3.19e-42	159	59.92	0/-1
ParA	NZ_LR734999.1	41.597	238	120	5	5	238	2039	2707	4.75e-41	155	58.40	0/2
ParA	NZ_LR735021.1	41.597	238	120	5	5	238	113915	113247	5.61e-41	155	58.40	0/-1
ParA	NZ_LN889815.1	41.597	238	120	5	5	238	222669	223337	8.64e-41	154	58.40	0/3
ParA	NZ_LN889815.1	37.597	258	146	4	4	259	230633	231367	2.90e-38	147	52.71	0/2
ParA	NZ_AP018228.1	36.187	257	152	3	4	259	119853	119116	7.18e-40	152	54.47	0/-3
ParA	NZ_AP018228.1	37.553	237	133	6	5	238	85032	85706	1.53e-37	145	57.38	0/3
ParA	NZ_JACJQU010000010.1	40.249	241	131	3	4	243	49422	50108	7.53e-40	152	55.60	0/3
ParA	NZ_BJCE01000159.1	40.249	241	131	3	4	243	9043	9729	1.03e-39	151	55.60	0/1
ParA	NZ_KQ976355.1	34.340	265	165	4	1	262	284515	283739	1.45e-39	151	56.23	0/-1
ParA	NZ_JACJRG010000036.1	38.843	242	135	3	4	244	2350	3039	3.00e-39	150	55.79	0/1
ParA	NC_019764.1	37.603	242	136	4	4	243	65519	66205	7.25e-39	149	56.61	0/2
ParA	NZ_AP018214.1	40.574	244	129	5	4	244	24491	25183	1.25e-38	148	56.56	0/2
ParA	NZ_JACJTU010000052.1	40.574	244	129	5	4	244	4383	5075	1.27e-38	148	56.56	0/3
ParA	NC_019727.1	36.538	260	147	5	4	259	5211	5948	2.08e-38	147	54.62	0/3
ParA	NZ_CM007612.1	37.449	243	141	4	5	247	73164	72469	2.31e-38	147	57.61	0/-2
ParA	NZ_CM002804.1	37.209	258	147	4	4	259	113780	113046	4.62e-38	147	52.71	0/-3
ParA	NZ_LR734992.1	37.209	258	147	4	4	259	144217	143483	5.40e-38	146	52.71	0/-3
ParA	NZ_JADEWL010000128.1	35.000	260	158	5	4	259	13592	12834	6.08e-38	146	53.85	0/-3
ParA	NZ_AP018244.1	40.000	255	141	5	5	259	22219	21491	6.09e-38	146	57.25	0/-3
ParA	NC_019763.1	38.017	242	135	4	4	243	22834	22148	1.61e-37	145	54.96	0/-2
ParA	NC_019763.1	34.766	256	137	6	6	258	100059	99373	1.78e-20	95.9	46.09	0/-3
ParA	NZ_CP047245.1	33.721	258	157	4	4	259	20285	21022	1.68e-37	145	54.26	0/2
ParA	NZ_AP018241.1	37.308	260	145	6	4	259	26489	25752	1.93e-37	145	55.00	0/-3
ParA	NZ_JACJTU010000062.1	37.308	260	145	6	4	259	34326	35063	1.99e-37	145	55.00	0/3
ParA	NZ_JACJTD010000048.1	38.462	247	136	5	1	244	36427	35726	2.00e-37	145	56.28	0/-2
ParA	NC_019750.1	38.372	258	144	4	4	259	14824	15558	2.48e-37	144	51.16	0/1
ParA	NZ_CP024793.1	36.653	251	141	5	5	251	299781	299071	2.62e-37	144	55.38	0/-2
ParA	NZ_CP024793.1	27.854	219	126	4	6	210	680458	681060	5.85e-09	61.2	42.92	0/1
ParA	NZ_CP024793.1	26.627	169	106	4	13	178	600986	600525	3.53e-05	49.7	46.15	0/-3
ParA	NZ_CP024793.1	26.946	167	104	4	13	176	476107	476562	7.21e-05	48.9	46.11	0/1
ParA	NZ_JACJQG010000034.1	34.241	257	155	4	5	259	1883	1149	3.44e-37	144	54.09	0/-3
ParA	NZ_KB235908.1	36.047	258	150	4	4	259	22631	23365	4.14e-37	144	54.26	0/2
ParA	NZ_KB235933.1	36.471	255	147	4	4	256	481977	482702	4.53e-37	144	53.73	0/3
ParA	NZ_MRCE01000017.1	36.434	258	149	4	4	259	88848	89582	4.78e-37	144	53.88	0/3
ParA	NZ_PVWK01000016.1	39.044	251	123	7	4	243	29167	29862	5.59e-37	144	55.38	0/1
ParA	NC_019728.1	36.475	244	140	5	5	245	19894	19199	9.36e-37	143	56.56	0/-1
ParA	NZ_JACJTD010000050.1	38.367	245	135	6	4	244	24707	24009	1.13e-36	142	55.10	0/-2
ParA	NZ_JACJSF010000169.1	36.905	252	143	5	1	250	2727	2014	1.14e-36	142	54.76	0/-3
ParA	NZ_PXOH01000057.1	38.931	262	142	8	5	260	6485	7234	1.39e-36	142	58.78	0/2
ParA	NZ_AP018231.1	36.502	263	148	5	1	259	47065	47808	1.48e-36	142	52.85	0/1
ParA	NZ_AP018211.1	33.463	257	157	4	5	259	138314	139048	1.76e-36	142	54.09	0/2
ParA	NZ_JACJRQ010000043.1	40.693	231	122	5	4	232	40478	41131	1.88e-36	142	56.28	0/2
ParA	NZ_LMTZ01000137.1	35.271	258	153	4	4	259	40380	39643	2.42e-36	142	53.10	0/-2
ParA	NZ_JACJRG010000091.1	38.367	245	135	6	4	244	1801	1103	2.98e-36	141	55.51	0/-2
ParA	NC_019753.1	35.659	258	151	4	4	259	469869	470603	3.79e-36	141	53.49	0/3
ParA	NC_019753.1	34.783	184	104	4	4	178	2479011	2479541	9.24e-16	82.0	51.09	0/3
ParA	NZ_JACJRG010000053.1	34.836	244	145	4	4	245	25746	25051	3.89e-36	141	55.74	0/-3
ParA	NZ_AP018235.1	33.463	257	157	4	5	259	184106	183372	4.75e-36	141	54.09	0/-3
ParA	NZ_JACJTD010000119.1	37.200	250	139	5	5	250	4831	5538	4.85e-36	140	54.00	0/1
ParA	NC_019773.1	37.698	252	145	5	5	256	80	799	8.42e-36	140	57.54	0/2
ParA	NZ_JXCA02000011.1	38.462	247	136	5	1	244	42322	41621	9.40e-36	140	54.66	0/-2
ParA	NZ_AADV02000169.1	36.047	258	150	4	4	259	7672	8406	1.18e-35	139	52.33	0/1
ParA	NZ_MRCE01000067.1	37.190	242	137	4	4	243	19668	20354	1.26e-35	139	54.55	0/3
ParA	NZ_JADEWL010000017.1	43.564	202	98	3	1	200	24022	24585	1.33e-35	139	58.42	0/1
ParA	NZ_AP018230.1	36.709	237	135	6	5	238	42409	43083	1.52e-35	139	55.70	0/1
ParA	NZ_LR214091.1	36.328	256	141	5	4	250	4145	4873	1.61e-35	139	53.91	0/2
ParA	NZ_BDUD01000005.1	37.354	257	145	5	5	259	2523	1795	2.55e-35	139	56.81	0/-3
ParA	NZ_VLKB01000009.1	37.238	239	133	6	4	238	1296089	1295412	2.90e-35	139	56.07	0/-2
ParA	NZ_VLKB01000009.1	26.415	265	173	6	6	261	1393136	1393891	9.24e-11	67.0	46.04	0/2
ParA	NZ_JACJQL010000048.1	37.600	250	140	5	5	252	9529	8822	4.62e-35	138	57.20	0/-3
ParA	NZ_PXOH01000064.1	37.705	244	135	6	4	244	1524	2213	5.47e-35	137	56.15	0/3
ParA	NC_019744.1	36.066	244	141	5	4	244	13179	13874	9.93e-35	137	54.51	0/3
ParA	NC_011737.1	41.327	196	103	2	4	199	149121	148570	1.04e-34	137	60.20	0/-3
ParA	NC_011737.1	30.508	177	110	5	4	180	185583	186074	1.52e-08	60.1	48.59	0/3
ParA	NZ_JTJD02000066.1	37.131	237	134	4	4	238	16000	15329	1.21e-34	137	54.43	0/-3
ParA	NC_020157.1	36.066	244	141	5	4	244	103929	103234	1.46e-34	136	54.51	0/-2
ParA	NZ_JACJSF010000075.1	36.842	247	137	5	1	243	11633	12328	2.01e-34	136	52.63	0/2
ParA	NZ_JACJSF010000075.1	56.818	44	19	0	4	47	17446	17315	1.59e-05	50.8	68.18	0/-2
ParA	NZ_JACJTU010000074.1	37.959	245	136	6	4	244	13577	14275	3.00e-34	135	54.69	0/2
ParA	NZ_VLKB01000004.1	36.032	247	139	4	1	243	78309	79004	4.21e-34	135	53.04	0/3
ParA	NZ_VLKB01000004.1	28.125	256	150	8	6	245	23842	24555	3.60e-09	62.0	41.41	0/1
ParA	NZ_NTFS01000187.1	33.977	259	142	5	4	245	6775	7515	5.34e-34	135	53.28	0/1
ParA	NZ_JACJTU010000082.1	37.652	247	135	6	1	243	14689	13994	6.18e-34	135	53.04	0/-1
ParA	NZ_JACJTU010000081.1	37.349	249	133	6	1	243	18038	18733	6.37e-34	135	53.01	0/2
ParA	NZ_AP018315.1	35.656	244	142	5	4	244	186643	187338	6.53e-34	135	54.92	0/1
ParA	NZ_AP018240.1	32.308	260	163	3	1	259	27983	28726	6.86e-34	134	51.15	0/2
ParA	NZ_NKFP01000005.1	35.628	247	146	4	4	249	48419	47715	7.27e-34	134	51.42	0/-1
ParA	NZ_NAPS01000013.1	41.753	194	102	2	4	197	9360	9908	7.30e-34	134	57.73	0/3
ParA	NZ_JACJTD010000120.1	35.366	246	142	4	1	243	5993	5298	7.97e-34	134	52.44	0/-2
ParA	NZ_JACJQL010000126.1	36.179	246	140	4	1	243	3459	4154	8.72e-34	134	52.44	0/3
ParA	NZ_AP018229.1	36.481	233	131	5	4	232	100459	101118	1.20e-33	134	55.79	0/1
ParA	NZ_AP018229.1	31.008	258	157	7	4	259	90073	89357	5.26e-14	76.6	45.74	0/-2
ParA	NZ_CP017675.1	36.032	247	146	5	1	247	1773820	1773116	1.24e-33	134	57.09	0/-1
ParA	NZ_CP017675.1	35.000	160	92	5	5	159	1601316	1600858	6.41e-09	61.2	46.88	0/-2
ParA	NC_019752.1	36.546	249	135	6	1	243	33573	34268	1.40e-33	134	53.41	0/3
ParA	NZ_JACJQL010000087.1	32.308	260	163	3	1	259	12278	13021	1.43e-33	134	51.15	0/2
ParA	NC_011738.1	37.037	216	112	3	5	214	252582	251989	1.44e-33	134	55.09	0/-1
ParA	NZ_JACJRG010000049.1	32.308	260	163	3	1	259	33073	33816	1.48e-33	134	51.15	0/1
ParA	NZ_LAHB01000070.1	36.364	242	139	4	4	243	38723	38037	1.58e-33	134	53.72	0/-2
ParA	NZ_CP054693.1	35.772	246	141	4	1	243	36666	35971	1.62e-33	134	52.03	0/-2
ParA	NZ_JACJPX010000112.1	36.179	246	140	4	1	243	8092	8787	1.65e-33	133	52.03	0/1
ParA	NZ_AP018212.1	36.179	246	140	4	1	243	48458	47763	1.68e-33	133	52.03	0/-3
ParA	NZ_JACJTU010000041.1	36.437	247	138	5	1	243	4923	5618	1.75e-33	133	52.63	0/3
ParA	NZ_JACJTU010000041.1	61.905	42	16	0	5	46	18890	19015	3.13e-05	50.1	69.05	0/2
ParA	NZ_JACJTU010000098.1	36.179	246	140	4	1	243	4604	3909	2.06e-33	133	51.63	0/-3
ParA	NZ_LAHB01000049.1	36.735	245	139	6	4	244	20363	19665	2.77e-33	133	54.29	0/-2
ParA	NZ_JACJTU010000055.1	36.364	242	139	4	4	243	11244	10558	2.87e-33	133	52.89	0/-3
ParA	NZ_JACJRQ010000068.1	36.179	246	140	4	1	243	13524	14219	3.65e-33	132	51.22	0/3
ParA	NZ_PVWG01000077.1	34.538	249	148	4	4	250	2934	3641	4.58e-33	132	53.41	0/3
ParA	NZ_CP024786.1	35.366	246	142	4	1	243	26416	27111	5.04e-33	132	52.03	0/1
ParA	NZ_PVWJ01000193.1	34.818	247	140	7	4	244	6035	5340	7.98e-33	131	56.28	0/-3
ParA	NZ_JACJQL010000071.1	35.270	241	143	3	4	243	2264	1578	1.09e-32	131	52.70	0/-3
ParA	NZ_PVWK01000051.1	36.145	249	144	5	4	250	4182	4889	1.32e-32	131	53.01	0/3
ParA	NZ_PVWJ01000110.1	36.800	250	136	8	1	244	15877	16578	1.55e-32	130	54.00	0/1
ParA	NZ_CP047246.1	35.270	241	143	3	4	243	20968	21654	1.60e-32	130	52.28	0/1
ParA	NZ_RSCK01000151.1	35.907	259	141	7	6	256	2050	2775	1.97e-32	130	51.74	0/1
ParA	NZ_CP024791.1	34.959	246	143	4	1	243	213420	214115	2.21e-32	130	52.03	0/3
ParA	NZ_CP024791.1	26.627	169	106	4	13	178	171187	171648	6.89e-05	48.9	46.15	0/1
ParA	NZ_JAATWA010000006.1	39.175	194	106	2	4	197	51861	51316	4.18e-32	129	58.76	0/-1
ParA	NZ_BDUD01000002.1	35.200	250	136	5	5	243	321965	321261	4.67e-32	129	52.40	0/-2
ParA	NZ_BDUD01000002.1	26.217	267	171	5	6	260	46780	46022	5.49e-09	61.6	38.20	0/-3
ParA	NZ_AAXW01000090.1	36.719	256	139	7	1	251	9561	10274	5.01e-32	129	50.78	0/3
ParA	NC_010631.1	35.200	250	136	5	5	243	21900	22604	6.83e-32	129	52.40	0/3
ParA	NZ_JACJTB010000067.1	34.959	246	143	4	1	243	25156	24461	6.89e-32	129	51.63	0/-3
ParA	NZ_CP031943.1	34.959	246	143	4	1	243	1496	801	7.70e-32	129	51.63	0/-1
ParA	NZ_LSYZ01000129.1	37.023	262	153	5	1	262	5562	6311	7.75e-32	129	56.49	0/3
ParA	NZ_JACJTU010000096.1	36.000	250	137	6	1	244	10799	10101	8.38e-32	128	52.80	0/-3
ParA	NZ_JH976537.1	36.948	249	133	5	5	242	3665528	3664821	9.56e-32	128	51.81	0/-1
ParA	NZ_JH976537.1	32.298	161	93	4	5	157	700003	699545	1.64e-06	53.9	49.07	0/-2
ParA	NZ_JACJTD010000099.1	37.354	257	147	8	5	259	15290	14556	9.74e-32	128	54.09	0/-2
ParA	NZ_JACJSF010000163.1	37.354	257	147	8	5	259	870	1604	1.26e-31	128	54.09	0/3
ParA	NZ_JADEWL010000039.1	37.705	244	134	6	5	244	43400	44089	1.49e-31	128	53.69	0/2
ParA	NC_009926.1	33.452	281	149	6	4	259	255161	255964	1.49e-31	128	48.40	0/2
ParA	NC_009926.1	32.653	245	146	6	4	244	321817	321128	3.10e-29	121	54.29	0/-1
ParA	NZ_AGJC02000002.1	33.858	254	156	3	4	256	91318	92046	1.88e-31	127	51.57	0/1
ParA	NZ_AGJC02000002.1	40.385	104	56	3	1	104	184255	184548	1.82e-10	65.9	63.46	0/1
ParA	NZ_PGEM01000021.1	37.551	245	136	6	1	243	37601	36912	3.08e-31	127	52.24	0/-2
ParA	NZ_JH992901.1	36.691	139	80	3	109	245	5454233	5453835	4.74e-31	89.7	58.27	0/-3
ParA	NZ_JH992901.1	35.088	114	68	1	4	117	5454562	5454239	4.74e-31	67.8	54.39	0/-1
ParA	NZ_JH992901.1	66.667	48	15	1	4	51	2611203	2611343	8.75e-08	57.8	75.00	0/3
ParA	NZ_JACJQN010000004.1	37.903	248	132	5	5	242	109453	110160	8.71e-31	125	50.81	0/1
ParA	NZ_RSCK01000152.1	36.437	247	144	5	4	250	3158	2457	1.42e-30	125	53.04	0/-1
ParA	NZ_AP018239.1	36.929	241	138	4	6	244	73967	73281	1.74e-30	125	51.87	0/-1
ParA	NZ_JAATWA010000005.1	35.498	231	140	4	4	232	123101	122430	2.58e-30	124	55.84	0/-1
ParA	NC_019774.1	40.704	199	102	3	4	200	56930	57484	2.86e-30	124	57.79	0/2
ParA	NC_019774.1	39.196	199	105	3	4	200	4440	4994	8.23e-28	117	56.28	0/3
ParA	NZ_JACJPX010000034.1	36.929	241	138	4	6	244	66741	66055	3.36e-30	124	51.87	0/-2
ParA	NZ_JACJRG010000082.1	35.659	258	152	7	5	260	2026	1289	4.40e-30	123	53.49	0/-1
ParA	NC_014503.1	38.071	197	110	2	4	200	29925	29371	5.32e-30	123	58.38	0/-1
ParA	NZ_JACJTQ010000045.1	39.196	199	105	3	4	200	24236	24790	1.19e-29	122	58.29	0/2
ParA	NC_019757.1	36.638	232	131	5	4	232	5885481	5886137	1.36e-29	122	52.16	0/3
ParA	NZ_LSZA01000002.1	36.255	251	148	5	2	252	73026	72310	2.32e-29	121	54.98	0/-3
ParA	NZ_KQ976356.1	34.749	259	156	6	4	259	88075	88821	2.59e-29	121	50.97	0/1
ParA	NZ_JACJTU010000084.1	39.196	199	105	3	4	200	12357	11803	1.22e-28	119	56.28	0/-1
ParA	NZ_CP060823.1	37.603	242	134	7	4	243	95954	95274	1.29e-28	119	52.48	0/-1
ParA	NZ_CP060823.1	29.612	206	117	5	6	199	89380	89949	2.12e-10	65.9	45.63	0/1
ParA	NC_019777.1	34.733	262	158	3	1	261	8060	8809	1.44e-28	119	53.44	0/2
ParA	NZ_JAATWA010000003.1	35.000	240	141	4	1	238	252450	253130	1.46e-28	119	50.42	0/3
ParA	NZ_JACJTD010000063.1	35.628	247	136	7	4	244	35777	36466	2.05e-28	119	53.04	0/2
ParA	NZ_QVFV01000003.1	35.537	242	143	3	4	244	121935	121246	2.06e-28	119	48.76	0/-3
ParA	NZ_JTHE02000003.1	35.537	242	143	3	4	244	2438701	2438012	2.07e-28	119	48.76	0/-2
ParA	NZ_JTHE02000003.1	27.027	296	161	9	4	250	3968321	3967452	1.20e-12	72.4	43.24	0/-1
ParA	NZ_JTHE02000003.1	55.556	45	19	1	4	48	3614908	3614777	1.47e-05	50.8	77.78	0/-2
ParA	NZ_CP007203.1	39.196	199	105	3	4	200	4757261	4757815	2.97e-28	118	56.78	0/2
ParA	NZ_CP007203.1	29.612	206	117	5	6	199	3079623	3079054	1.38e-10	66.2	46.12	0/-1
ParA	NZ_CP024785.1	39.196	199	105	3	4	200	7206447	7205893	1.93e-27	116	55.78	0/-2
ParA	NZ_CP024785.1	37.688	199	108	3	4	200	39759	39205	1.44e-25	110	55.78	0/-2
ParA	NZ_CP024785.1	35.294	204	112	6	2	192	149305	148715	4.39e-17	85.9	50.98	0/-1
ParA	NZ_CP024785.1	28.125	256	150	8	6	245	7323236	7323949	8.05e-09	60.8	41.41	0/2
ParA	NZ_CP024785.1	62.500	48	17	1	4	51	4379600	4379740	1.30e-07	57.4	77.08	0/2
ParA	NZ_CP024785.1	53.704	54	24	1	5	58	830253	830411	7.10e-07	55.1	70.37	0/3
ParA	NZ_AJLN01000015.1	33.080	263	159	7	4	261	85333	86085	3.21e-27	115	49.43	0/1
ParA	NZ_LSYZ01000394.1	32.692	260	164	4	4	260	7423	6668	3.81e-27	115	52.69	0/-2
ParA	NZ_AP018238.1	34.016	244	142	6	4	243	40986	41672	3.91e-27	115	52.05	0/3
ParA	NZ_AP018238.1	37.056	197	112	2	4	200	83647	84201	5.53e-26	112	55.33	0/1
ParA	NZ_JACJPX010000076.1	33.197	244	144	5	4	243	35479	34793	5.56e-27	114	51.23	0/-2
ParA	NZ_MRCE01000040.1	37.688	199	108	3	4	200	60642	60088	9.52e-27	114	55.78	0/-3
ParA	NC_011730.1	36.179	246	133	8	4	243	13882	13199	1.10e-26	114	51.63	0/-1
ParA	NZ_JACJQL010000151.1	38.191	199	107	3	4	200	3715	3161	1.26e-26	113	55.28	0/-1
ParA	NZ_JACJTU010000061.1	33.740	246	140	7	4	243	15789	16475	1.51e-26	113	52.44	0/3
ParA	NZ_JACJTB010000066.1	33.197	244	144	5	4	243	19279	19965	2.01e-26	113	50.82	0/1
ParA	NZ_JACJTD010000070.1	38.191	199	107	3	4	200	28991	29545	2.07e-26	113	55.78	0/2
ParA	NZ_LR214378.1	38.500	200	104	5	4	200	2660	2109	3.51e-26	112	56.00	0/-2
ParA	NZ_JTCM02000135.1	31.559	263	163	6	4	261	212	964	6.61e-26	111	49.05	0/2
ParA	NZ_JACJRQ010000063.1	37.688	199	108	3	4	200	30630	31184	7.71e-26	111	55.28	0/3
ParA	NC_013167.1	33.594	256	140	6	6	258	20802	21488	1.17e-25	110	48.83	0/3
ParA	NZ_NAPS01000003.1	31.496	254	157	7	2	250	385922	386647	1.52e-25	110	51.97	0/2
ParA	NZ_CP030122.1	32.389	247	150	6	4	245	245829	246533	1.53e-25	110	50.20	0/3
ParA	NZ_CP030119.1	32.389	247	150	6	4	245	245988	246692	1.53e-25	110	50.20	0/3
ParA	NZ_AP018207.1	31.783	258	151	8	2	250	4575615	4574890	1.63e-23	104	49.61	0/-2
ParA	NZ_AP018207.1	58.333	48	19	1	4	51	6183620	6183760	5.41e-06	52.4	72.92	0/2
ParA	NZ_JXCB02000048.1	31.325	249	154	6	2	245	257568	256858	1.94e-23	104	50.60	0/-1
ParA	NZ_AP018234.1	31.474	251	151	7	2	245	189785	189075	2.28e-23	104	49.80	0/-3
ParA	NC_014534.1	35.897	234	129	8	14	241	153138	153794	2.89e-23	103	51.28	0/3
ParA	NC_014534.1	25.769	260	167	7	6	252	301552	300812	2.41e-06	53.5	40.38	0/-2
ParA	NZ_MRCB01000027.1	32.016	253	147	8	2	245	57621	58331	5.11e-23	103	50.20	0/3
ParA	NZ_DF978432.1	30.859	256	156	7	2	250	98062	98787	5.45e-23	103	48.83	0/1
ParA	NZ_CP047244.1	31.474	251	151	7	2	245	90770	90060	6.16e-23	102	49.40	0/-2
ParA	NZ_LAHB01000063.1	30.952	252	153	7	1	245	1214	1927	6.57e-23	102	49.60	0/2
ParA	NZ_AP018182.1	31.873	251	150	7	2	245	203769	203059	6.77e-23	102	49.40	0/-3
ParA	NZ_JADEWL010000041.1	31.923	260	148	6	5	261	32151	31450	8.82e-23	102	47.69	0/-1
ParA	NZ_JACJQG010000010.1	31.076	251	152	7	2	245	73164	72454	1.14e-22	102	49.40	0/-1
ParA	NZ_AP018175.1	31.076	251	152	7	2	245	194415	193705	1.14e-22	102	49.40	0/-1
ParA	NZ_AP018250.1	31.076	251	152	7	2	245	173837	174547	1.14e-22	102	49.40	0/2
ParA	NZ_JACJQL010000051.1	31.076	251	152	7	2	245	26184	25474	1.39e-22	102	49.40	0/-2
ParA	NZ_JACJTB010000040.1	31.076	251	152	7	2	245	32994	32284	1.39e-22	102	49.40	0/-3
ParA	NZ_NKFP01000003.1	32.400	250	156	4	5	252	167342	166626	2.99e-22	100	46.80	0/-2
ParA	NZ_JACJQG010000001.1	33.171	205	126	3	5	205	78428	79021	2.99e-22	100	50.24	0/2
ParA	NZ_JACJQU010000028.1	33.171	205	126	3	5	205	9657	9064	7.76e-22	99.8	51.22	0/-1
ParA	NZ_DS989846.1	29.779	272	167	7	4	261	267863	268648	7.83e-22	99.8	48.53	0/2
ParA	NC_014504.1	34.894	235	132	7	14	243	14527	13871	1.41e-21	99.0	49.79	0/-3
ParA	NC_010628.1	32.195	205	128	3	5	205	4679347	4678754	1.64e-21	99.0	51.22	0/-3
ParA	NC_010628.1	31.351	185	112	6	5	181	6848462	6848995	5.27e-10	64.7	49.19	0/2
ParA	NC_010628.1	64.583	48	16	1	4	51	3399449	3399589	8.06e-08	57.8	77.08	0/2
ParA	NC_004113.1	33.636	220	135	3	5	220	1462162	1461524	1.68e-21	99.0	48.64	0/-3
ParA	NC_004113.1	34.969	163	92	4	5	159	1771443	1771913	8.91e-13	72.8	50.31	0/3
ParA	NC_004113.1	53.333	45	20	1	4	48	710611	710742	1.68e-05	50.8	75.56	0/1
ParA	NZ_AP018202.1	33.636	220	135	3	5	220	1161819	1162457	1.90e-21	98.6	48.64	0/3
ParA	NZ_AP018202.1	34.969	163	92	4	5	159	1646199	1646669	8.99e-13	72.8	50.31	0/3
ParA	NZ_AP018202.1	53.333	45	20	1	4	48	549674	549543	1.68e-05	50.8	75.56	0/-3
ParA	NZ_JTCM02000078.1	30.709	254	151	5	5	241	8991	8254	5.17e-21	97.4	45.28	0/-3
ParA	NZ_JADEWZ010000015.1	29.000	300	170	7	5	262	42212	41316	5.30e-21	97.4	45.67	0/-1
ParA	NZ_JADEWZ010000015.1	30.097	206	110	7	5	181	41165	40563	7.40e-07	55.1	45.15	0/-1
ParA	NZ_LR734839.1	29.474	285	163	9	5	261	15496	14672	8.40e-21	96.7	47.37	0/-2
ParA	NC_019731.1	34.766	256	137	6	6	258	77734	78420	3.12e-20	95.1	46.09	0/1
ParA	NC_019771.1	28.947	266	140	6	5	241	4129918	4129181	5.94e-20	94.4	44.74	0/-1
ParA	NC_019771.1	66.667	45	14	1	4	48	3962145	3962014	4.95e-07	55.5	77.78	0/-2
ParA	NC_019771.1	56.098	41	18	0	6	46	2456128	2456250	3.01e-05	50.1	73.17	0/1
ParA	NZ_MKZS01000001.1	30.314	287	165	9	6	262	1381308	1382153	6.11e-20	94.4	47.74	0/3
ParA	NZ_MKZS01000001.1	27.178	287	175	7	4	262	1381263	1380421	4.72e-16	82.8	46.34	0/-2
ParA	NZ_MKZS01000001.1	31.579	152	97	3	113	262	1382310	1382750	2.03e-11	68.9	54.61	0/3
ParA	NZ_MKZS01000001.1	52.083	48	23	0	1	48	1883336	1883479	6.55e-07	55.1	64.58	0/2
ParA	NZ_JACJTU010000005.1	29.310	290	157	9	5	260	211811	212638	7.86e-20	94.0	45.52	0/2
ParA	NZ_AADV02000239.1	39.855	138	73	3	1	138	4151	4534	9.65e-20	93.6	54.35	0/2
ParA	NZ_WVIE01000013.1	33.333	204	117	3	5	199	63192	63773	1.39e-19	93.2	49.02	0/3
ParA	NZ_WVIE01000013.1	29.492	295	166	8	5	262	62058	61189	2.92e-15	80.5	46.78	0/-1
ParA	NC_008312.1	26.568	271	176	6	4	259	6530872	6530084	1.44e-19	93.2	47.97	0/-1
ParA	NC_008312.1	33.178	214	126	4	2	203	210019	210645	1.93e-17	86.7	49.53	0/1
ParA	NC_008312.1	26.531	196	123	5	6	180	5628191	5627604	5.82e-05	49.3	40.82	0/-3
ParA	NZ_CP021983.2	31.679	262	144	9	6	262	173038	173733	1.45e-19	93.2	48.85	0/1
ParA	NZ_CP021983.2	60.000	45	17	1	4	48	3084560	3084691	1.96e-06	53.5	75.56	0/2
ParA	NZ_CP021983.2	29.146	199	117	6	1	179	2914787	2915371	6.71e-06	52.0	44.22	0/2
ParA	NZ_CP021983.2	27.273	176	119	3	4	179	1409094	1409594	7.67e-06	52.0	44.32	0/3
ParA	NC_009929.1	29.249	253	163	4	5	252	99342	98617	1.50e-19	93.2	47.43	0/-1
ParA	NZ_AADV02000002.1	33.990	203	117	4	2	192	297368	297961	4.40e-19	91.7	52.71	0/2
ParA	NZ_JAATWA010000001.1	38.172	186	99	4	4	180	3699086	3698550	4.57e-19	91.7	53.23	0/-3
ParA	NZ_JAATWA010000001.1	57.447	47	19	1	4	49	3833603	3833743	4.28e-06	52.8	70.21	0/2
ParA	NZ_QMEB01000172.1	31.119	286	162	9	4	261	1301	2137	4.58e-19	91.7	49.30	0/2
ParA	NZ_JADEXP010000561.1	37.778	180	100	3	4	176	1153	1677	5.15e-19	91.3	53.33	0/1
ParA	NZ_ASSJ01000055.1	31.839	223	134	6	5	222	45724	46353	5.29e-19	91.3	52.02	0/1
ParA	NZ_LSYZ01000130.1	37.500	184	99	4	4	178	16070	16600	6.72e-19	91.3	52.17	0/2
ParA	NZ_MRCC01000016.1	28.179	291	174	8	5	262	12787	13653	1.25e-18	90.5	48.11	0/1
ParA	NZ_MRCC01000016.1	35.149	202	111	7	4	192	11321	10737	5.60e-15	79.3	50.99	0/-3
ParA	NZ_JADEXG010000032.1	28.669	293	163	9	4	262	19471	18629	2.07e-18	89.7	46.76	0/-3
ParA	NZ_NXIB02000022.1	36.559	186	102	4	4	180	28856	28320	3.41e-18	89.0	52.15	0/-1
ParA	NZ_PVWK01000108.1	37.500	160	91	4	88	244	33374	33835	4.17e-18	89.0	56.88	0/2
ParA	NZ_BDUD01000001.1	29.893	281	167	8	5	260	2091028	2090201	4.27e-18	89.0	45.91	0/-1
ParA	NZ_BDUD01000001.1	64.583	48	16	1	4	51	6364584	6364444	8.91e-08	57.8	77.08	0/-2
ParA	NZ_BDUD01000001.1	27.273	209	124	6	6	187	6803067	6802444	1.88e-06	53.9	42.58	0/-2
ParA	NZ_BDUD01000001.1	27.925	265	147	8	1	229	6100844	6101614	2.63e-05	50.1	40.38	0/2
ParA	NZ_AGJC02000001.1	36.413	184	105	4	1	177	2692358	2691822	5.70e-18	88.6	53.80	0/-1
ParA	NZ_AGJC02000001.1	63.043	46	16	1	5	50	453156	453290	3.95e-07	55.8	78.26	0/3
ParA	NZ_AGJC02000001.1	29.082	196	116	7	4	177	3325008	3325592	2.59e-06	53.1	42.35	0/3
ParA	NZ_LN889782.1	27.336	289	164	8	5	261	1003068	1002244	5.81e-18	88.2	44.64	0/-2
ParA	NZ_LN889782.1	52.459	61	23	3	4	60	863124	862948	1.78e-06	53.9	62.30	0/-2
ParA	NC_019693.1	30.405	296	161	12	5	262	6233760	6234626	7.35e-18	88.2	49.66	0/3
ParA	NC_019693.1	34.054	185	105	4	4	178	6320710	6321243	3.77e-16	83.2	52.97	0/1
ParA	NC_019693.1	59.574	47	18	1	2	48	5451747	5451610	1.04e-07	57.8	76.60	0/-3
ParA	NC_019693.1	55.814	43	19	0	6	48	6401372	6401500	1.43e-06	53.9	72.09	0/2
ParA	NZ_AP014640.1	32.911	237	143	5	5	232	371189	371878	8.06e-18	87.8	46.41	0/2
ParA	NZ_FYBH01000030.1	29.617	287	167	8	4	262	8394	7555	1.04e-17	87.4	47.74	0/-2
ParA	NZ_JACJTB010000011.1	35.135	185	103	4	4	178	2021	2554	1.27e-17	87.4	52.43	0/2
ParA	NZ_KB235930.1	29.655	290	167	9	2	262	4515568	4514723	1.58e-17	87.0	46.90	0/-1
ParA	NZ_KB235930.1	25.746	268	169	6	6	259	4283876	4283121	5.91e-09	61.2	39.93	0/-3
ParA	NZ_KB235930.1	62.500	48	17	1	4	51	5013114	5012974	6.09e-07	55.1	75.00	0/-2
ParA	NC_019694.1	32.046	259	144	9	6	260	3627	4319	1.74e-17	87.0	45.95	0/3
ParA	NZ_LR734982.1	33.498	203	118	4	2	192	384641	384048	1.82e-17	87.0	52.71	0/-3
ParA	NZ_JXCB02000001.1	31.455	213	125	5	4	202	414540	415157	2.22e-17	86.7	49.77	0/3
ParA	NZ_JXCB02000001.1	62.500	48	17	1	4	51	1320749	1320609	2.01e-07	56.6	77.08	0/-3
ParA	NZ_JACJTQ010000037.1	35.176	199	108	5	2	190	41911	41348	2.53e-17	86.7	51.26	0/-2
ParA	NZ_DF978426.1	34.759	187	105	4	2	178	90574	91113	2.55e-17	86.7	51.87	0/1
ParA	NZ_CP031941.1	33.333	186	107	4	2	177	1868570	1868034	2.75e-17	86.3	53.76	0/-3
ParA	NZ_CP031941.1	28.372	215	117	6	1	179	3214389	3213748	6.67e-08	58.2	44.65	0/-2
ParA	NZ_CP031941.1	64.583	48	16	1	4	51	3841288	3841148	1.06e-07	57.8	77.08	0/-1
ParA	NZ_CP031941.1	54.762	42	19	0	6	47	4116393	4116518	3.01e-05	50.1	69.05	0/3
ParA	NZ_JH980292.1	33.514	185	106	4	4	178	2370965	2370432	4.31e-17	85.9	51.89	0/-3
ParA	NZ_JH980292.1	29.965	287	167	10	5	260	875408	876259	2.62e-15	80.5	48.08	0/2
ParA	NZ_JH980292.1	53.333	45	20	1	5	48	874415	874549	2.26e-05	50.4	73.33	0/2
ParA	NZ_CM002803.1	33.498	203	118	4	2	192	4659339	4659932	4.35e-17	85.9	52.71	0/3
ParA	NZ_CM002803.1	29.091	165	107	3	5	164	1120219	1119740	2.09e-09	62.8	47.27	0/-2
ParA	NZ_CM002803.1	59.574	47	18	1	4	50	2310867	2310730	9.14e-07	54.7	72.34	0/-3
ParA	NZ_JACJPX010000048.1	35.644	202	110	5	4	192	21277	20693	5.93e-17	85.5	51.49	0/-3
ParA	NC_019751.1	35.644	202	110	5	4	192	770026	770610	5.98e-17	85.5	50.50	0/1
ParA	NC_019751.1	28.912	294	153	13	5	258	1822687	1823520	4.43e-14	77.0	45.24	0/1
ParA	NC_019751.1	60.417	48	18	1	4	51	6605258	6605398	1.29e-07	57.4	77.08	0/2
ParA	NZ_AFJC01000006.1	38.043	184	98	4	4	178	180385	179855	6.20e-17	85.5	53.26	0/-2
ParA	NC_019780.1	36.264	182	104	3	4	178	3476618	3476088	7.63e-17	85.1	52.20	0/-2
ParA	NC_019780.1	53.846	52	24	0	5	56	3480581	3480426	6.94e-16	60.8	69.23	0/-2
ParA	NC_019780.1	29.060	117	78	1	88	204	3480321	3479986	6.94e-16	45.4	47.01	0/-1
ParA	NC_019780.1	26.601	203	114	6	5	179	3400631	3401218	1.38e-06	54.3	44.33	0/2
ParA	NC_019729.1	37.500	184	99	4	4	178	4592147	4592677	7.63e-17	85.1	52.17	0/2
ParA	NC_019729.1	29.293	198	119	4	1	177	4353682	4353089	4.98e-13	73.6	47.98	0/-2
ParA	NC_019729.1	26.471	272	161	10	5	246	6078024	6077236	5.88e-07	55.5	43.01	0/-3
ParA	NZ_KV878783.1	29.965	287	166	8	4	260	3939512	3938667	7.92e-17	85.1	45.30	0/-3
ParA	NZ_JACJTD010000010.1	35.149	202	111	6	4	192	130315	129731	7.97e-17	85.1	52.48	0/-1
ParA	NZ_JHEG04000001.1	32.020	203	117	5	4	192	4195168	4195755	9.64e-17	84.7	50.25	0/1
ParA	NZ_JACJSF010000005.1	34.225	187	106	4	2	178	128915	128376	1.10e-16	84.7	52.41	0/-2
ParA	NZ_CP054698.1	35.294	204	112	6	2	192	219601	219011	1.41e-16	84.3	50.49	0/-3
ParA	NZ_CP054698.1	64.583	48	16	1	4	51	674560	674420	1.07e-07	57.4	77.08	0/-3
ParA	NZ_KE734704.1	34.555	191	109	4	2	181	277941	277384	1.98e-16	84.0	52.88	0/-3
ParA	NZ_KE734720.1	34.555	191	109	4	2	181	695769	696326	1.98e-16	84.0	52.88	0/3
ParA	NZ_KE734720.1	59.574	47	18	1	4	50	3863478	3863341	9.14e-07	54.7	72.34	0/-2
ParA	NZ_AP014638.1	28.136	295	170	8	5	262	5073562	5074431	2.39e-16	83.6	47.46	0/1
ParA	NZ_PVWO01000079.1	33.155	187	108	4	2	178	2428	2967	2.39e-16	83.6	48.66	0/1
ParA	NZ_VLKB01000010.1	27.830	212	126	4	4	198	176816	177421	2.80e-16	83.6	46.70	0/2
ParA	NZ_VLKB01000010.1	54.167	48	21	1	4	51	122554	122414	5.12e-06	52.4	70.83	0/-1
ParA	NZ_KE734717.1	34.031	191	110	4	2	181	2948127	2948684	3.34e-16	83.2	52.88	0/3
ParA	NZ_JACJRG010000001.1	31.720	186	110	4	2	177	336538	336002	4.89e-16	82.8	53.76	0/-3
ParA	NZ_AP018227.1	32.609	184	107	4	4	177	1881332	1880802	5.69e-16	82.4	52.72	0/-2
ParA	NZ_AP018227.1	56.250	48	21	0	1	48	6565283	6565426	8.44e-08	57.8	66.67	0/2
ParA	NZ_AP018227.1	66.667	45	14	1	4	48	2935282	2935413	1.12e-07	57.4	80.00	0/1
ParA	NZ_JACJQL010000004.1	32.447	188	110	4	4	181	101355	101897	6.11e-16	82.4	51.60	0/3
ParA	NZ_CP047242.1	32.447	188	110	4	4	181	815842	815300	6.13e-16	82.4	51.60	0/-1
ParA	NZ_CP047242.1	58.333	48	19	1	4	51	3168499	3168639	9.06e-07	54.7	72.92	0/1
ParA	NZ_MRBY01000044.1	29.572	257	147	10	5	232	7565	8320	9.59e-16	81.6	49.03	0/2
ParA	NZ_RCBZ01000195.1	34.419	215	120	6	2	202	7784	7161	1.04e-15	81.6	51.16	0/-1
ParA	NZ_JACJSV010000088.1	32.843	204	115	6	4	192	7948	8538	1.17e-15	81.6	51.96	0/1
ParA	NZ_JACJQV010000196.1	32.843	204	115	6	4	192	7970	7380	1.39e-15	81.3	51.96	0/-3
ParA	NZ_JACJSW010000194.1	32.843	204	115	6	4	192	9205	9795	1.47e-15	81.3	51.96	0/1
ParA	NZ_FO818640.1	30.736	231	123	5	4	212	5441205	5440558	1.53e-15	81.3	46.75	0/-1
ParA	NZ_FO818640.1	27.835	194	117	6	6	177	4634259	4634837	1.24e-06	54.3	42.27	0/3
ParA	NZ_FO818640.1	64.286	42	14	1	5	46	271522	271644	3.33e-06	53.1	78.57	0/1
ParA	NZ_CP051185.1	30.736	231	123	5	4	212	547183	546536	1.53e-15	81.3	46.75	0/-1
ParA	NZ_CP051185.1	27.835	194	117	6	6	177	997082	996504	1.24e-06	54.3	42.27	0/-3
ParA	NZ_CP051185.1	64.286	42	14	1	5	46	5439771	5439649	3.61e-06	52.8	78.57	0/-2
ParA	NC_010296.1	32.843	204	115	6	4	192	618974	619564	1.69e-15	81.3	51.96	0/2
ParA	NC_010296.1	60.000	45	17	1	4	48	353966	353835	2.81e-07	56.2	77.78	0/-3
ParA	NC_010296.1	54.762	42	19	0	6	47	1679525	1679650	3.66e-05	49.7	64.29	0/2
ParA	NZ_JACJQL010000109.1	29.779	272	165	7	1	261	1321	551	3.10e-15	80.1	46.69	0/-2
ParA	NZ_CP047243.1	29.044	272	167	7	1	261	141399	140629	3.60e-15	80.1	46.69	0/-2
ParA	NZ_AP018174.1	31.148	183	113	3	4	178	257693	258226	4.06e-15	80.1	49.73	0/2
ParA	NZ_AP018174.1	31.250	192	101	6	5	180	4153436	4153966	3.62e-11	68.2	48.44	0/2
ParA	NZ_AP018174.1	56.250	48	20	1	4	51	1713253	1713393	1.02e-06	54.7	75.00	0/1
ParA	NZ_JACJST010000016.1	31.646	237	142	6	2	223	6044	6739	5.30e-15	79.7	46.84	0/2
ParA	NZ_AUZM01000001.1	33.871	186	104	4	4	178	173798	174331	6.28e-15	79.3	48.39	0/2
ParA	NC_019697.1	34.066	182	103	4	4	175	101386	100862	6.47e-15	79.3	48.90	0/-1
ParA	NC_019697.1	27.570	214	144	4	1	211	1884144	1883527	6.35e-09	61.2	45.79	0/-2
ParA	NC_019697.1	53.571	56	21	2	2	53	4600585	4600749	2.23e-06	53.5	66.07	0/1
ParA	NC_019697.1	62.222	45	16	1	5	48	3350060	3350194	1.00e-05	51.6	73.33	0/2
ParA	NZ_GL890841.1	30.693	202	121	4	4	192	109696	110283	7.48e-15	79.3	49.50	0/1
ParA	NZ_KB235941.1	30.802	237	133	9	2	222	1244134	1243469	7.65e-15	79.0	47.68	0/-2
ParA	NZ_KB235941.1	31.638	177	101	7	6	173	863269	863766	1.08e-07	57.4	46.89	0/1
ParA	NZ_AP018176.1	30.292	274	159	8	1	260	170791	171558	8.70e-15	79.0	45.62	0/1
ParA	NZ_BDQK01000013.1	31.319	182	113	3	2	176	615946	615416	2.51e-14	77.4	50.55	0/-2
ParA	NZ_BDQK01000013.1	60.870	46	17	1	5	50	987732	987866	5.93e-07	55.5	76.09	0/3
ParA	NZ_AAXW01000006.1	31.319	182	113	3	1	175	55830	56360	3.08e-14	77.4	50.55	0/3
ParA	NZ_KB235903.1	28.755	233	144	4	1	212	844186	844881	4.91e-14	76.6	44.21	0/1
ParA	NZ_PVWG01000079.1	26.538	260	169	6	1	260	6476	5763	5.58e-14	76.6	45.38	0/-2
ParA	NC_016640.1	30.052	193	102	3	4	178	4438973	4438440	9.75e-14	75.9	47.15	0/-1
ParA	NC_016640.1	50.847	59	26	2	5	63	6570209	6570376	2.91e-06	53.1	67.80	0/2
ParA	NC_016640.1	52.381	42	20	0	6	47	4706838	4706963	4.42e-05	49.7	69.05	0/3
ParA	NC_019749.1	25.954	262	180	5	6	261	75804	75043	1.60e-13	75.1	42.37	0/-3
ParA	NZ_DS989857.1	26.599	297	175	9	4	262	164622	165497	3.66e-13	73.9	44.44	0/3
ParA	NZ_RSCK01000029.1	25.769	260	171	4	1	260	9680	10393	4.38e-13	73.9	43.85	0/2
ParA	NZ_JACJSF010000073.1	25.769	260	171	4	1	260	26874	26161	7.51e-13	73.2	43.08	0/-3
ParA	NC_009931.1	25.000	256	170	4	1	256	24841	25542	1.16e-12	72.8	44.53	0/1
ParA	NZ_QVFV01000002.1	27.027	296	161	9	4	250	602379	603248	1.20e-12	72.4	43.24	0/3
ParA	NZ_QVFV01000002.1	55.556	45	19	1	4	48	953732	953863	1.47e-05	50.8	77.78	0/2
ParA	NZ_CP018092.1	33.333	171	84	5	5	159	1801354	1800884	1.21e-12	72.4	47.95	0/-2
ParA	NZ_CP018092.1	55.556	45	19	1	4	48	1545490	1545359	8.24e-06	51.6	77.78	0/-2
ParA	NZ_JADEXP010000403.1	32.500	160	98	3	5	159	1615	2079	1.35e-12	72.4	50.62	0/1
ParA	NZ_JACJQU010000009.1	33.871	186	107	9	5	181	182531	181995	1.79e-12	72.0	51.61	0/-1
ParA	NZ_JACJQU010000009.1	66.667	45	14	1	4	48	16262	16131	9.45e-07	54.7	75.56	0/-1
ParA	NZ_KE384607.1	28.910	211	122	5	1	183	19903	20535	2.27e-12	71.6	45.02	0/1
ParA	NZ_AFJC01000012.1	27.468	233	147	5	1	212	3150	3845	3.39e-12	71.2	45.49	0/3
ParA	NZ_JACJSF010000174.1	27.526	287	167	8	5	258	3942	4778	3.61e-12	70.9	41.46	0/3
ParA	NZ_PVWO01000232.1	38.235	136	76	4	129	261	8447	8055	8.07e-12	70.1	53.68	0/-1
ParA	NZ_JADEWN010000089.1	26.667	255	155	5	1	250	9637	8954	8.51e-12	70.1	41.57	0/-3
ParA	NZ_JADEWB010000055.1	30.435	207	130	7	1	194	745	128	9.60e-12	69.7	49.28	0/-3
ParA	NZ_DS989875.1	27.835	291	160	9	5	259	89366	88536	1.12e-11	69.7	42.96	0/-2
ParA	NZ_MRCB01000005.1	30.539	167	102	4	6	164	41190	41672	1.31e-11	69.3	47.31	0/3
ParA	NZ_CP054697.1	26.838	272	169	9	4	254	208627	207839	1.35e-11	69.3	44.12	0/-3
ParA	NC_007604.1	33.333	177	99	4	5	178	1901778	1902260	1.51e-11	69.3	49.72	0/3
ParA	NZ_VLKB01000001.1	28.159	277	155	8	5	261	336806	337564	2.90e-11	68.6	44.77	0/2
ParA	NC_009933.1	28.652	178	117	5	5	178	65549	65034	3.14e-11	68.2	46.63	0/-2
ParA	NZ_NTFS01000007.1	26.545	275	170	8	1	261	17335	16565	4.06e-11	67.8	45.45	0/-3
ParA	NZ_LR213809.1	30.909	165	97	4	5	159	6790	6317	4.36e-11	67.8	49.70	0/-1
ParA	NC_014533.1	32.961	179	106	5	5	179	335294	334788	5.47e-11	67.4	49.72	0/-1
ParA	NZ_JACJST010000010.1	29.612	206	117	5	6	199	16718	17287	5.72e-11	67.4	46.60	0/2
ParA	NZ_CP012036.1	41.111	90	43	1	2	91	6988442	6988681	7.62e-11	67.0	55.56	0/2
ParA	NZ_CP012036.1	32.203	118	79	1	129	245	5762772	5763125	6.77e-09	61.2	58.47	0/3
ParA	NZ_CP012036.1	46.970	66	32	2	2	65	5762414	5762608	8.13e-07	54.7	59.09	0/2
ParA	NZ_BJCE01000024.1	29.612	206	117	5	6	199	3145	2576	9.98e-11	66.6	46.12	0/-2
ParA	NC_019689.1	29.940	167	103	4	6	164	764965	765447	1.00e-10	66.6	47.31	0/1
ParA	NC_019689.1	64.444	45	15	1	4	48	2688923	2689054	7.99e-08	57.8	80.00	0/2
ParA	NZ_LSYZ01000055.1	31.020	245	132	12	5	216	18499	19221	1.04e-10	66.6	46.53	0/1
ParA	NZ_NKFP01000006.1	30.939	181	114	5	5	180	4153535	4154059	1.08e-10	66.6	46.96	0/2
ParA	NZ_AP018237.1	27.586	261	145	7	6	245	118009	118722	1.16e-10	66.6	40.61	0/1
ParA	NZ_PVWJ01000107.1	31.447	159	98	3	6	159	7054	6596	1.39e-10	66.2	48.43	0/-3
ParA	NZ_DS989854.1	27.715	267	148	8	6	251	95205	95933	1.42e-10	66.2	42.70	0/3
ParA	NZ_AUZM01000114.1	33.333	159	94	4	6	159	2443	2898	1.62e-10	66.2	47.80	0/1
ParA	NZ_AP018208.1	26.909	275	167	9	1	259	27568	28338	1.73e-10	66.2	45.45	0/1
ParA	NZ_AP018209.1	27.586	261	145	7	6	245	173767	173054	2.50e-10	65.5	40.23	0/-1
ParA	NZ_AP018249.1	27.586	261	145	7	6	245	2948	3661	2.80e-10	65.5	40.23	0/2
ParA	NC_013161.1	30.964	197	109	9	5	184	1082234	1081674	2.88e-10	65.5	51.27	0/-3
ParA	NZ_LR735009.1	30.303	165	105	3	5	164	103700	104179	3.52e-10	65.1	47.88	0/2
ParA	NZ_LR213933.1	33.577	137	83	3	128	261	10050	9655	3.65e-10	65.1	54.01	0/-3
ParA	NZ_LR213933.1	52.083	48	23	0	6	53	10355	10212	1.75e-06	53.9	70.83	0/-1
ParA	NZ_CP024790.1	27.341	267	176	6	1	260	44373	43606	4.70e-10	64.7	44.57	0/-3
ParA	NZ_LN889768.1	30.769	169	99	4	5	164	5070	4591	4.94e-10	64.7	47.34	0/-1
ParA	NZ_LMTZ01000011.1	29.469	207	107	6	4	179	33194	33790	5.34e-10	64.7	44.93	0/2
ParA	NZ_LMTZ01000006.1	29.469	207	107	6	4	179	5772	5176	5.34e-10	64.7	44.93	0/-3
ParA	NZ_JXCB02000058.1	26.493	268	167	6	6	259	128806	128051	5.49e-10	64.7	40.67	0/-3
ParA	NZ_NXIB02000074.1	28.502	207	118	5	1	177	19983	20603	7.53e-10	63.9	45.41	0/3
ParA	NZ_LMTZ01000133.1	25.430	291	175	11	5	262	66183	67028	9.21e-10	63.9	44.67	0/3
ParA	NC_019730.1	25.000	256	152	6	6	242	26999	27703	9.26e-10	63.9	41.80	0/2
ParA	NZ_LSZA01000024.1	29.032	248	133	9	5	216	43833	43111	1.41e-09	63.2	46.77	0/-3
ParA	NZ_JJML01000007.1	53.704	54	25	0	5	58	98916	98755	1.47e-09	63.2	70.37	0/-3
ParA	NZ_AFJC01000002.1	29.348	184	120	4	5	179	362135	362683	1.66e-09	63.2	46.74	0/2
ParA	NZ_LR734824.1	30.952	168	101	4	5	164	145706	145224	1.92e-09	62.8	48.21	0/-1
ParA	NZ_MRCE01000002.1	27.650	217	127	7	6	204	29532	30146	2.70e-09	62.4	44.70	0/3
ParA	NC_014249.1	29.126	206	118	5	6	199	56200	55631	2.76e-09	62.4	45.15	0/-1
ParA	NZ_JYON01000004.1	32.278	158	98	3	5	159	100569	100114	3.81e-09	62.0	46.20	0/-2
ParA	NZ_KQ976354.1	28.230	209	110	4	4	177	3990267	3989656	4.03e-09	62.0	44.98	0/-1
ParA	NZ_PVWJ01000040.1	59.574	47	19	0	1	47	7379	7239	4.69e-09	61.6	72.34	0/-3
ParA	NZ_JACJSF010000137.1	27.854	219	126	4	6	210	9988	9386	4.87e-09	61.6	42.92	0/-1
ParA	NZ_JACJSF010000095.1	27.381	252	157	5	6	245	15223	15936	6.07e-09	61.2	39.29	0/1
ParA	NZ_CP024792.1	28.125	256	150	8	6	245	182704	181991	8.04e-09	60.8	41.41	0/-2
ParA	NC_014501.1	27.273	165	109	3	6	164	1741048	1740569	8.98e-09	60.8	46.67	0/-3
ParA	NC_014501.1	64.444	45	15	1	4	48	3931258	3931127	1.16e-07	57.4	77.78	0/-3
ParA	NZ_MRBY01000027.1	32.386	176	83	7	6	159	30818	30333	9.30e-09	60.8	47.73	0/-3
ParA	NZ_BJCE01000204.1	30.097	206	110	6	5	181	1116	514	1.00e-08	60.5	45.15	0/-1
ParA	NZ_PVWO01000002.1	30.102	196	122	4	6	197	17484	16930	1.06e-08	60.5	47.45	0/-2
ParA	NZ_ACYB01000042.1	33.333	177	91	6	1	157	241365	240856	1.19e-08	60.5	46.89	0/-1
ParA	NZ_JAAVJL010000005.1	24.444	270	174	7	5	261	7210	7968	1.72e-08	60.1	43.33	0/1
ParA	NZ_JACJQN010000012.1	60.377	53	20	1	5	57	170246	170401	2.01e-08	59.7	69.81	0/2
ParA	NZ_CP060822.1	33.333	177	91	6	1	157	2013184	2013693	2.19e-08	59.7	46.33	0/1
ParA	NZ_VHLJ01000001.1	33.333	177	91	6	1	157	1041852	1041343	2.21e-08	59.7	46.33	0/-2
ParA	NC_009925.1	55.172	58	25	1	4	61	541880	541710	3.03e-08	59.3	65.52	0/-2
ParA	NZ_JADEVV010000043.1	66.667	45	14	1	4	48	11802	11671	3.07e-08	59.3	80.00	0/-1
ParA	NZ_CP024787.1	49.206	63	30	2	1	63	44965	44783	3.21e-08	59.3	69.84	0/-3
ParA	NZ_JTCM02000209.1	26.923	260	159	7	6	251	2944	3672	4.77e-08	58.5	40.38	0/1
ParA	NZ_LAHB01000066.1	28.241	216	118	6	1	180	18415	19059	5.21e-08	58.5	42.13	0/1
ParA	NZ_DS989849.1	68.182	44	13	1	5	48	95836	95708	6.03e-08	58.2	81.82	0/-1
ParA	NZ_MRCB01000016.1	62.222	45	16	1	4	48	27191	27060	6.64e-08	58.2	82.22	0/-2
ParA	NZ_JADEXP010000006.1	29.808	208	118	7	6	186	46850	47470	7.22e-08	58.2	42.31	0/2
ParA	NC_005125.1	62.222	45	16	1	4	48	2621390	2621521	7.50e-08	58.2	80.00	0/2
ParA	NZ_JACJSF010000131.1	64.583	48	16	1	4	51	4715	4575	7.61e-08	58.2	77.08	0/-1
ParA	NZ_LATL02000101.1	59.574	47	19	0	4	50	42359	42219	7.80e-08	58.2	72.34	0/-2
ParA	NZ_JADEWL010000008.1	56.140	57	17	2	4	53	9601	9434	7.88e-08	58.2	70.18	0/-2
ParA	NC_011729.1	61.702	47	17	1	2	48	3712674	3712537	7.92e-08	58.2	76.60	0/-1
ParA	NZ_PXOH01000026.1	62.222	45	16	1	4	48	22900	23031	7.92e-08	57.8	75.56	0/1
ParA	NZ_PXOH01000028.1	54.167	48	22	0	1	48	48227	48370	8.67e-08	57.8	70.83	0/2
ParA	NZ_PXOH01000028.1	30.000	180	113	5	4	183	32787	33287	4.03e-07	55.8	46.67	0/3
ParA	NZ_JACJTD010000003.1	64.583	48	16	1	4	51	64267	64407	9.14e-08	57.8	77.08	0/1
ParA	NZ_PVWK01000097.1	64.444	45	15	1	4	48	99157	99288	9.81e-08	57.8	80.00	0/1
ParA	NZ_KB235937.1	28.641	206	113	5	5	181	709260	709862	1.05e-07	57.8	44.66	0/3
ParA	NC_019698.1	51.064	47	23	0	5	51	2308	2448	1.19e-07	57.4	78.72	0/1
ParA	NZ_JACJRQ010000072.1	62.500	48	17	1	4	51	25692	25832	1.33e-07	57.4	77.08	0/3
ParA	NZ_PVWG01000070.1	55.319	47	21	0	1	47	16938	17078	1.37e-07	57.4	72.34	0/3
ParA	NZ_JACJTU010000048.1	62.500	48	17	1	4	51	22681	22541	1.45e-07	57.0	77.08	0/-3
ParA	NZ_LAHB01000033.1	62.500	48	17	1	4	51	15452	15312	1.50e-07	57.0	77.08	0/-1
ParA	NZ_NKFP01000004.1	63.830	47	16	1	2	48	1323731	1323868	1.52e-07	57.0	74.47	0/2
ParA	NZ_PVWK01000033.1	56.250	48	21	0	5	52	15713	15856	1.61e-07	57.0	70.83	0/2
ParA	NZ_PGEM01000217.1	24.686	239	162	8	7	237	12685	13371	1.63e-07	57.0	44.35	0/1
ParA	NZ_JXCA02000001.1	64.583	48	16	1	4	51	601603	601463	1.71e-07	57.0	75.00	0/-3
ParA	NZ_QMEB01000053.1	64.583	48	16	1	4	51	21684	21544	1.79e-07	57.0	75.00	0/-3
ParA	NZ_CP030118.1	64.583	48	16	1	4	51	7128907	7128767	1.80e-07	57.0	75.00	0/-2
ParA	NZ_CP030118.1	27.317	205	124	4	1	181	2755906	2755295	3.13e-06	53.1	40.49	0/-2
ParA	NZ_CP030121.1	64.583	48	16	1	4	51	7170510	7170370	1.80e-07	57.0	75.00	0/-2
ParA	NZ_CP030121.1	27.317	205	124	4	1	181	2748699	2748088	3.13e-06	53.1	40.49	0/-2
ParA	NZ_JACJTU010000031.1	54.545	55	24	1	4	58	60154	60315	2.23e-07	56.6	70.91	0/1
ParA	NZ_JACJSG010000044.1	54.545	55	24	1	4	58	73572	73733	2.29e-07	56.6	70.91	0/3
ParA	NZ_RSCK01000126.1	24.906	265	158	8	5	250	7183	7911	2.36e-07	56.6	43.77	0/1
ParA	NZ_JACJSW010000128.1	60.000	45	17	1	4	48	33848	33717	2.58e-07	56.2	77.78	0/-2
ParA	NC_019700.1	27.881	269	116	11	4	261	11672	12277	2.64e-07	56.2	41.26	0/2
ParA	NZ_JACJQV010000177.1	60.000	45	17	1	4	48	31328	31197	2.77e-07	56.2	77.78	0/-1
ParA	NZ_JACJSV010000028.1	60.000	45	17	1	4	48	41152	41283	2.78e-07	56.2	77.78	0/1
ParA	NZ_JACJQL010000057.1	60.417	48	18	1	4	51	19053	18913	4.04e-07	55.8	75.00	0/-1
ParA	NZ_MRBY01000042.1	60.000	45	17	1	4	48	3674	3805	4.46e-07	55.5	80.00	0/2
ParA	NZ_AAXW01000010.1	63.043	46	16	1	5	50	3270	3136	4.55e-07	55.5	78.26	0/-3
ParA	NZ_JTCM02000071.1	64.444	45	15	1	4	48	24460	24591	4.58e-07	55.5	80.00	0/1
ParA	NC_019736.1	57.143	42	18	0	5	46	5739	5864	4.80e-07	55.5	80.95	0/3
ParA	NZ_CP024788.1	45.902	61	32	1	5	65	5189	5368	5.16e-07	55.5	63.93	0/2
ParA	NZ_JTJD02000002.1	62.222	45	16	1	2	46	179980	179849	5.27e-07	55.5	77.78	0/-2
ParA	NZ_JADEXG010000081.1	55.102	49	21	1	2	50	166	309	6.03e-07	55.1	77.55	0/1
ParA	NZ_CP054694.1	53.704	54	24	1	5	58	1002	1160	6.12e-07	55.1	70.37	0/3
ParA	NZ_FYBH01000199.1	51.852	54	25	1	4	57	10471	10313	6.15e-07	55.1	72.22	0/-3
ParA	NZ_JACJTB010000022.1	51.064	47	23	0	1	47	72338	72198	6.46e-07	55.1	70.21	0/-3
ParA	NC_010630.1	53.704	54	24	1	5	58	77464	77622	6.46e-07	55.1	70.37	0/1
ParA	NZ_JACJRF010000018.1	58.333	48	19	1	4	51	58168	58028	6.82e-07	55.1	72.92	0/-3
ParA	NZ_JACJTQ010000010.1	66.667	45	14	1	4	48	3461	3330	7.01e-07	55.1	77.78	0/-3
ParA	NZ_JACJRG010000037.1	58.333	48	19	1	4	51	24695	24555	7.43e-07	55.1	72.92	0/-2
ParA	NZ_JADEWB010000154.1	27.751	209	123	6	6	187	12105	11482	7.66e-07	55.1	42.58	0/-1
ParA	NZ_MRCE01000007.1	62.222	45	16	1	4	48	126849	126980	7.76e-07	55.1	80.00	0/3
ParA	NZ_JACJTB010000002.1	56.250	48	20	1	4	51	201604	201744	8.49e-07	54.7	75.00	0/1
ParA	NZ_LR735014.1	59.574	47	18	1	4	50	53440	53303	8.94e-07	54.7	72.34	0/-3
ParA	NZ_AP014639.1	48.980	49	25	0	5	53	66962	66816	9.08e-07	54.7	71.43	0/-2
ParA	NZ_KE734705.1	59.574	47	18	1	4	50	1637713	1637850	9.14e-07	54.7	72.34	0/1
ParA	NZ_JACJSG010000027.1	56.250	48	20	1	4	51	88442	88582	9.26e-07	54.7	72.92	0/2
ParA	NZ_DF978436.1	56.250	48	20	1	4	51	71795	71935	1.02e-06	54.7	75.00	0/2
ParA	NZ_NTFS01000046.1	60.000	45	17	1	4	48	20518	20387	1.06e-06	54.3	80.00	0/-2
ParA	NZ_JACJTT010000048.1	62.222	45	16	1	4	48	17349	17218	1.09e-06	54.3	80.00	0/-2
ParA	NZ_KE734718.1	59.574	47	18	1	4	50	127089	126952	1.25e-06	54.3	72.34	0/-1
ParA	NZ_CM001775.1	25.946	185	121	5	6	182	342989	343519	1.30e-06	54.3	43.24	0/2
ParA	NZ_CM001775.1	60.870	46	17	1	5	49	2946013	2946150	2.81e-06	53.1	73.91	0/1
ParA	NZ_NKFP01000007.1	57.447	47	19	1	1	47	40437	40574	1.34e-06	54.3	72.34	0/3
ParA	NZ_AP018314.1	27.273	209	124	6	6	187	1731920	1731297	1.46e-06	53.9	42.58	0/-3
ParA	NZ_JACJSG010000068.1	26.857	175	116	3	4	178	1457	969	1.47e-06	53.9	48.00	0/-3
ParA	NZ_ACYB01000035.1	26.442	208	127	5	6	187	524579	525202	1.67e-06	53.9	41.35	0/2
ParA	NZ_JACJQL010000011.1	58.000	50	18	1	1	47	85870	85721	1.72e-06	53.9	66.00	0/-1
ParA	NZ_KB235904.1	43.860	57	32	0	5	61	2145318	2145488	2.31e-06	53.5	66.67	0/3
ParA	NZ_KB235904.1	54.762	42	19	0	6	47	1356897	1356772	2.30e-05	50.4	66.67	0/-1
ParA	NZ_AP018316.1	29.200	250	148	7	1	229	2276827	2277552	2.57e-06	53.1	41.60	0/1
ParA	NZ_JACJTQ010000017.1	28.800	250	149	7	1	229	51815	51090	2.70e-06	53.1	41.60	0/-1
ParA	NZ_BJCE01000496.1	59.524	42	17	0	6	47	552	427	2.98e-06	52.4	69.05	0/-3
ParA	NZ_AJLK01000100.1	60.000	45	17	1	4	48	2487	2356	3.26e-06	53.1	77.78	0/-2
ParA	NZ_LR734888.1	57.447	47	19	1	4	50	196817	196680	3.42e-06	52.8	70.21	0/-2
ParA	NZ_AGIZ01000003.1	60.000	45	17	1	4	48	94721	94590	3.48e-06	52.8	77.78	0/-2
ParA	NZ_NAPS01000002.1	60.000	45	17	1	4	48	1299361	1299492	3.58e-06	52.8	77.78	0/1
ParA	NZ_AP018213.1	28.324	173	106	4	7	176	33179	32706	3.60e-06	52.8	46.82	0/-3
ParA	NZ_PVWO01000093.1	62.222	45	16	1	5	48	13642	13776	4.18e-06	52.8	75.56	0/1
ParA	NZ_LSZA01000011.1	57.447	47	19	1	1	47	52569	52432	4.40e-06	52.8	68.09	0/-1
ParA	NZ_JACJRQ010000025.1	27.103	214	121	5	1	179	36942	36301	4.80e-06	52.4	40.65	0/-3
ParA	NZ_PXOH01000004.1	27.919	197	119	6	6	180	106612	107199	5.26e-06	52.4	41.62	0/1
ParA	NZ_JACJQG010000005.1	58.333	48	19	1	4	51	87634	87494	5.40e-06	52.4	72.92	0/-3
ParA	NZ_PVWG01000028.1	25.943	212	136	5	6	196	30911	31546	5.41e-06	52.4	41.04	0/2
ParA	NZ_LR214011.1	60.976	41	16	0	5	45	4754	4876	5.60e-06	52.4	75.61	0/2
ParA	NZ_AP018233.1	61.702	47	17	1	5	51	3007166	3007029	5.61e-06	52.4	72.34	0/-3
ParA	NZ_JACJPX010000035.1	61.702	47	17	1	5	51	56338	56475	5.68e-06	52.4	72.34	0/1
ParA	NZ_AP018180.1	61.702	47	17	1	5	51	2776440	2776303	5.76e-06	52.4	72.34	0/-2
ParA	NZ_AP018248.1	61.702	47	17	1	5	51	5763632	5763769	5.76e-06	52.4	72.34	0/2
ParA	NZ_AP018248.1	57.143	42	18	0	6	47	2368668	2368543	1.01e-05	51.6	69.05	0/-1
ParA	NZ_LATL02000185.1	28.829	222	96	10	4	223	9287	9772	6.06e-06	52.0	43.24	0/2
ParA	NZ_MRBY01000011.1	58.696	46	18	1	5	49	83829	83966	6.21e-06	52.0	73.91	0/3
ParA	NZ_KB235932.1	28.324	173	111	4	6	178	2356	2835	7.17e-06	52.0	47.98	0/1
ParA	NZ_JACJQU010000002.1	57.143	42	18	0	6	47	22917	22792	7.80e-06	52.0	69.05	0/-3
ParA	NZ_JADEXP010000645.1	64.865	37	13	0	5	41	465	575	7.92e-06	51.2	78.38	0/3
ParA	NZ_AADV02000176.1	58.140	43	18	0	5	47	6640	6512	1.06e-05	51.2	69.77	0/-3
ParA	NC_022600.1	60.000	45	17	1	4	48	715790	715921	1.22e-05	51.2	75.56	0/2
ParA	NZ_LN889813.1	26.768	198	114	7	6	177	320949	321527	1.43e-05	50.8	41.92	0/3
ParA	NC_020050.1	58.537	41	17	0	6	46	170966	171088	1.45e-05	50.8	73.17	0/2
ParA	NZ_AADV02000056.1	29.730	111	72	3	154	262	46	366	1.46e-05	50.8	49.55	0/1
ParA	NZ_DS989871.1	48.148	54	25	1	6	56	1676	1837	1.56e-05	50.8	61.11	0/2
ParA	NZ_JACJQN010000002.1	28.205	156	103	3	2	157	147265	147705	1.91e-05	50.4	46.15	0/1
ParA	NZ_JAAVJL010000002.1	55.319	47	20	1	4	49	624197	624057	1.91e-05	50.4	70.21	0/-2
ParA	NZ_JACJSF010000096.1	64.286	42	15	0	5	46	15069	15194	2.09e-05	50.4	69.05	0/3
ParA	NZ_AP018246.1	60.976	41	16	0	5	45	31960	31838	2.21e-05	50.4	73.17	0/-3
ParA	NZ_ASSJ01000070.1	57.778	45	18	1	5	48	206339	206205	2.24e-05	50.4	71.11	0/-3
ParA	NZ_AUZM01000032.1	51.852	54	23	2	4	57	65962	65810	2.25e-05	50.4	68.52	0/-3
ParA	NC_019755.1	27.841	176	109	4	4	176	21036	20554	2.29e-05	50.4	44.89	0/-3
ParA	NZ_JADEXG010000011.1	54.762	42	19	0	6	47	99207	99332	2.29e-05	50.4	69.05	0/3
ParA	NZ_AJLK01000229.1	48.936	47	24	0	1	47	568	708	2.46e-05	49.3	65.96	0/1
ParA	NZ_KE384613.1	28.000	250	151	7	1	229	54212	54937	2.68e-05	50.1	40.80	0/2
ParA	NZ_JXCB02000024.1	57.500	40	17	0	6	45	15799	15918	2.81e-05	50.1	70.00	0/1
ParA	NZ_JACJPX010000119.1	55.000	40	18	0	6	45	11247	11128	2.85e-05	50.1	72.50	0/-1
ParA	NZ_BDUD01000011.1	55.000	40	18	0	6	45	5665	5546	2.99e-05	50.1	72.50	0/-2
ParA	NZ_JACJQL010000072.1	61.905	42	16	0	5	46	12741	12616	3.07e-05	50.1	69.05	0/-1
ParA	NC_010629.1	55.000	40	18	0	6	45	26291	26172	3.09e-05	50.1	72.50	0/-3
ParA	NZ_CM007614.1	50.000	42	21	0	5	46	4633	4758	3.15e-05	50.1	78.57	0/1
ParA	NZ_JACJSF010000109.1	55.000	40	18	0	6	45	1475	1356	3.29e-05	49.7	72.50	0/-1
ParA	NZ_JACJQV010000126.1	54.762	42	19	0	6	47	26859	26984	3.47e-05	49.7	64.29	0/3
ParA	NZ_JACJSV010000009.1	54.762	42	19	0	6	47	34511	34386	3.55e-05	49.7	64.29	0/-3
ParA	NZ_LSZA01000025.1	23.643	258	167	6	4	256	23601	22903	3.66e-05	49.7	40.70	0/-1
ParA	NZ_MRCE01000023.1	56.522	46	19	1	5	49	31482	31345	3.71e-05	49.7	73.91	0/-2
ParA	NC_019765.1	29.310	174	105	4	4	174	24443	23967	4.41e-05	49.7	44.83	0/-1
ParA	NZ_JADEXG010000023.1	50.000	54	17	1	5	48	18271	18432	4.51e-05	49.3	66.67	0/1
ParA	NZ_JACJTD010000074.1	61.905	42	16	0	5	46	8683	8558	4.80e-05	49.3	69.05	0/-2
ParA	NZ_JACJQN010000023.1	29.412	170	102	5	13	179	577	1041	5.39e-05	49.3	44.12	0/1
ParA	NZ_AUZM01000009.1	52.083	48	22	1	6	52	118854	118997	5.65e-05	49.3	68.75	0/3
ParA	NZ_JACJTT010000055.1	58.537	41	17	0	5	45	9665	9543	6.67e-05	48.9	70.73	0/-1
ParA	NZ_PVWO01000040.1	26.316	171	115	3	6	176	5921	5442	8.00e-05	48.5	45.03	0/-3
ParA	NZ_LR213921.1	47.619	42	22	0	5	46	2700	2575	8.85e-05	48.5	80.95	0/-3
ParA	NZ_JACJSG010000032.1	42.623	61	34	1	1	61	26856	26677	9.89e-05	48.5	59.02	0/-3


