# tblastn
# Iteration: 0
# Query: ParA
# RID: 7VPVB0JD01R
# Database: ref_prok_rep_genomes
# Fields: query acc.ver, subject acc.ver, % identity, alignment length, mismatches, gap opens, q. start, q. end, s. start, s. end, evalue, bit score, % positives, query/sbjct frames
# 613 hits found
ParA	NZ_FNGU01000002.1	56.031	257	104	2	4	260	237754	238497	2.75e-82	274	72.76	0/1
ParA	NZ_FOJJ01000009.1	56.420	257	103	2	4	260	11425	10682	1.86e-81	272	73.15	0/-1
ParA	NZ_CP010802.1	55.642	257	105	2	4	260	3951632	3950889	1.02e-80	270	73.15	0/-2
ParA	NC_011979.1	53.668	259	111	2	4	262	531324	530575	6.00e-80	267	72.59	0/-3
ParA	NZ_FNAQ01000010.1	55.725	262	107	2	1	262	7370	8128	4.35e-79	265	70.23	0/2
ParA	NZ_CP010311.1	55.777	251	102	2	10	260	3468018	3467293	1.34e-78	263	73.31	0/-3
ParA	NC_007498.2	53.488	258	111	2	4	261	3659005	3658259	3.39e-78	262	73.26	0/-1
ParA	NC_007498.2	28.405	257	172	7	4	259	2919091	2919828	3.12e-11	68.6	44.36	0/1
ParA	NZ_CP015518.1	54.475	257	108	2	4	260	1413560	1414303	5.03e-78	262	71.98	0/2
ParA	NZ_CP015518.1	28.906	256	168	8	6	259	1913784	1913053	5.08e-12	70.9	45.70	0/-3
ParA	NZ_CP012332.1	52.896	259	112	2	4	262	3789472	3790218	6.28e-78	261	72.97	0/1
ParA	NZ_CP012332.1	33.750	240	150	2	10	249	3080708	3080016	1.56e-32	131	55.83	0/-3
ParA	NZ_CP012332.1	35.907	259	154	5	6	262	684167	684913	1.45e-30	125	54.83	0/2
ParA	NZ_ARWE01000001.1	54.054	259	110	2	4	262	4071103	4070354	1.12e-77	261	70.66	0/-3
ParA	NZ_FQZT01000009.1	53.307	257	111	2	4	260	66192	66935	1.58e-77	260	71.60	0/3
ParA	NC_002939.5	53.282	259	112	2	4	262	121776	122525	1.01e-76	258	71.81	0/3
ParA	NZ_FNQN01000005.1	53.307	257	111	2	4	260	97117	97860	1.43e-76	258	71.98	0/1
ParA	NZ_JOMG01000002.1	52.918	257	112	2	4	260	1519219	1519962	2.03e-76	257	73.15	0/1
ParA	NZ_JOMG01000002.1	26.894	264	167	6	2	259	1478925	1478194	1.28e-14	78.6	43.56	0/-3
ParA	NZ_BLXZ01000002.1	52.124	259	115	2	4	262	289724	288975	2.98e-76	257	71.43	0/-3
ParA	NZ_JAFN01000001.1	55.253	257	106	2	4	260	3180033	3179290	3.04e-76	257	71.60	0/-3
ParA	NZ_BLXX01000002.1	52.124	259	115	2	4	262	358511	357762	5.01e-76	256	71.04	0/-2
ParA	NZ_JADBFD010000014.1	53.282	259	112	2	4	262	69377	68628	5.48e-76	256	71.81	0/-1
ParA	NZ_JXBL01000001.1	53.282	259	112	2	4	262	3119348	3118599	5.53e-76	256	71.81	0/-2
ParA	NC_007517.1	52.896	259	113	2	4	262	3828064	3827315	6.64e-76	256	70.66	0/-1
ParA	NC_017030.1	53.282	259	112	2	4	262	10050112	10049363	7.82e-76	256	71.43	0/-1
ParA	NC_017030.1	32.411	253	162	2	10	262	649898	650629	4.47e-29	121	51.38	0/2
ParA	NC_017030.1	33.077	260	164	5	2	259	7965746	7964991	1.12e-23	105	50.00	0/-3
ParA	NC_017030.1	28.125	224	132	7	12	226	5050824	5051435	4.96e-09	62.0	43.75	0/3
ParA	NZ_JABFJV010000393.1	52.896	259	113	2	4	262	7531	6782	8.80e-76	255	71.81	0/-3
ParA	NZ_RAWM01000036.1	53.282	259	112	2	4	262	971	222	9.14e-76	255	71.43	0/-3
ParA	NZ_RAWE01000112.1	52.896	259	113	2	4	262	936	187	9.47e-76	255	71.81	0/-2
ParA	NZ_JMCB01000006.1	53.282	259	112	2	4	262	815772	816521	9.85e-76	255	71.81	0/3
ParA	NC_009483.1	53.282	259	112	2	4	262	4918436	4919185	1.06e-75	255	70.66	0/2
ParA	NC_009483.1	30.165	242	148	6	5	241	3926731	3926054	1.33e-13	75.5	44.63	0/-1
ParA	NZ_RAWK01000111.1	52.896	259	113	2	4	262	7381	6632	1.09e-75	255	71.81	0/-2
ParA	NZ_RAWB01000082.1	52.896	259	113	2	4	262	10188	9439	1.10e-75	255	71.43	0/-1
ParA	NZ_RAWG01000182.1	52.896	259	113	2	4	262	18950	18201	1.17e-75	255	71.43	0/-2
ParA	NZ_RAVZ01000088.1	52.896	259	113	2	4	262	22918	23667	1.18e-75	255	71.43	0/1
ParA	NZ_RAWI01000149.1	52.896	259	113	2	4	262	8244	7495	1.49e-75	255	71.43	0/-3
ParA	NZ_JAAAPK010000012.1	52.896	259	113	2	4	262	155984	155235	1.63e-75	254	71.43	0/-1
ParA	NZ_CP009788.1	54.054	259	110	2	4	262	3431387	3430638	2.59e-75	254	70.66	0/-3
ParA	NZ_QHKO01000001.1	53.053	262	114	2	1	262	876478	877236	3.95e-75	253	69.08	0/1
ParA	NZ_QHKO01000001.1	36.882	263	154	6	5	262	108004	107237	1.24e-27	117	52.47	0/-2
ParA	NZ_QHKO01000001.1	36.293	259	145	6	6	261	1091374	1092099	1.75e-22	102	52.51	0/1
ParA	NZ_SSMQ01000004.1	53.125	256	109	3	5	260	122722	123456	4.26e-75	253	71.88	0/1
ParA	NZ_SSMQ01000004.1	33.721	258	157	5	4	261	112719	111988	7.78e-31	126	55.04	0/-2
ParA	NZ_CP022163.1	53.668	259	111	2	4	262	3921991	3921242	4.99e-75	253	71.04	0/-1
ParA	NZ_CP022163.1	30.435	253	167	2	10	262	4896442	4897173	1.44e-25	110	50.59	0/1
ParA	NZ_CP022163.1	32.819	259	164	5	4	260	1743452	1742700	4.80e-23	103	50.58	0/-3
ParA	NZ_VLLN01000012.1	52.124	259	115	2	4	262	15318	16067	5.47e-75	253	70.27	0/3
ParA	NZ_MPIN01000010.1	53.282	259	112	2	4	262	259603	258854	6.04e-75	253	71.04	0/-1
ParA	NZ_ANAH02000004.1	53.282	259	112	2	4	262	269398	268649	6.65e-75	253	71.04	0/-3
ParA	NZ_SADD01000001.1	52.290	262	116	2	1	262	689225	688467	7.33e-75	253	69.85	0/-1
ParA	NZ_SADD01000001.1	37.262	263	153	6	5	262	305264	306031	5.95e-28	117	52.47	0/2
ParA	NZ_SADD01000001.1	35.798	257	149	6	6	261	479393	478668	7.94e-25	108	54.86	0/-1
ParA	NZ_CP012333.1	51.737	259	114	3	4	262	9075611	9074868	1.57e-74	252	71.81	0/-2
ParA	NZ_CP012333.1	34.008	247	149	4	6	252	10291145	10290447	1.21e-24	108	54.25	0/-2
ParA	NZ_QUMU01000006.1	53.668	259	111	2	4	262	204668	203919	1.70e-74	252	71.04	0/-3
ParA	NZ_VNIB01000009.1	53.488	258	111	2	4	261	63822	63076	2.01e-74	251	71.32	0/-3
ParA	NZ_JPMI01000175.1	53.282	259	112	2	4	262	43346	42597	3.16e-74	251	71.43	0/-2
ParA	NZ_FNJI01000073.1	51.550	258	116	2	4	261	6178	5432	4.06e-74	251	70.93	0/-2
ParA	NZ_JABWTG010000009.1	51.550	258	116	2	4	261	40322	41068	4.93e-74	250	71.32	0/2
ParA	NZ_FOIJ01000016.1	53.282	259	112	2	4	262	169479	170228	5.08e-74	250	71.04	0/3
ParA	NZ_FUWR01000004.1	54.054	259	110	2	4	262	95512	96261	6.59e-74	250	71.81	0/1
ParA	NC_020304.1	52.510	259	115	2	4	262	1246472	1245720	6.94e-74	250	69.11	0/-3
ParA	NC_020304.1	28.000	225	150	7	5	223	3751734	3752390	7.35e-12	70.5	47.11	0/3
ParA	NC_020304.1	22.780	259	144	7	5	261	1325966	1325352	3.52e-07	56.2	40.93	0/-3
ParA	NZ_WJIE01000001.1	51.953	256	112	3	5	260	1177461	1178195	9.18e-74	249	71.48	0/3
ParA	NZ_WJIE01000001.1	33.333	258	158	5	4	261	1167620	1166889	2.49e-30	124	54.26	0/-1
ParA	NZ_FOAP01000003.1	52.896	259	113	2	4	262	505307	506056	1.32e-73	249	71.04	0/2
ParA	NZ_BLXY01000001.1	51.737	259	116	2	4	262	64417	63668	1.42e-73	249	69.11	0/-2
ParA	NC_010814.1	54.054	259	110	2	4	262	3396977	3396228	1.58e-73	249	71.81	0/-3
ParA	NC_020126.1	50.763	262	120	2	1	262	10319014	10318256	2.81e-73	248	71.37	0/-1
ParA	NC_020126.1	31.225	253	165	2	10	262	789213	789944	1.93e-27	116	50.99	0/3
ParA	NC_020126.1	33.077	260	164	5	2	259	8286150	8285395	4.21e-24	106	51.15	0/-2
ParA	NC_020126.1	29.119	261	169	6	5	262	5062527	5063270	9.02e-14	76.3	44.83	0/3
ParA	NC_020126.1	54.545	44	20	0	4	47	1894744	1894613	3.19e-06	53.1	72.73	0/-1
ParA	NZ_FOIB01000014.1	50.763	262	120	2	1	262	173517	172759	3.03e-73	248	71.37	0/-2
ParA	NC_011146.1	50.965	259	118	2	4	262	4494688	4493939	5.06e-73	248	69.11	0/-1
ParA	NZ_RAHW01000001.1	52.124	259	115	2	4	262	807548	808297	6.89e-73	247	68.73	0/2
ParA	NZ_RAHW01000001.1	58.974	39	16	0	4	42	343779	343663	2.91e-05	50.1	79.49	0/-2
ParA	NC_010162.1	51.953	256	112	3	5	260	4321535	4320801	7.89e-73	247	70.31	0/-2
ParA	NC_010162.1	35.409	257	152	4	4	260	4331629	4332357	6.07e-35	138	54.47	0/1
ParA	NC_010162.1	31.405	242	153	5	5	244	9854248	9853556	1.15e-19	93.6	47.93	0/-3
ParA	NZ_SSYA01000001.1	52.124	259	115	2	4	262	1125652	1124903	8.85e-73	247	68.34	0/-1
ParA	NZ_SSYA01000001.1	58.974	39	16	0	4	42	1614870	1614986	3.15e-05	50.1	79.49	0/3
ParA	NZ_BDQG01000001.1	50.965	259	118	2	4	262	3644120	3644869	2.17e-72	246	69.11	0/2
ParA	NZ_AP023213.1	50.965	259	118	2	4	262	4363484	4362735	2.17e-72	246	69.11	0/-3
ParA	NZ_SRSC01000001.1	51.737	259	116	2	4	262	858737	857988	2.46e-72	246	68.34	0/-2
ParA	NZ_SRSC01000001.1	58.974	39	16	0	4	42	1332014	1332130	2.13e-05	50.8	82.05	0/2
ParA	NZ_NETK01000002.1	51.163	258	119	2	5	262	383929	383177	3.10e-72	245	70.16	0/-2
ParA	NZ_SSYB01000004.1	51.737	259	116	2	4	262	805894	806643	3.58e-72	245	68.34	0/1
ParA	NZ_SSYB01000004.1	58.974	39	16	0	4	42	350500	350384	3.01e-05	50.1	79.49	0/-1
ParA	NC_011891.1	51.351	259	116	3	4	262	5025227	5024481	4.14e-72	245	71.04	0/-2
ParA	NC_011891.1	36.576	257	155	3	6	262	1113345	1114091	7.80e-31	126	54.86	0/3
ParA	NC_011891.1	33.992	253	158	2	10	262	4430495	4429764	9.13e-29	120	51.78	0/-2
ParA	NZ_ATUG01000002.1	49.035	259	123	2	4	262	1836424	1837173	5.07e-72	244	71.43	0/1
ParA	NZ_FQZU01000076.1	48.638	257	123	2	4	260	8075	8818	5.70e-72	244	70.04	0/2
ParA	NZ_KB893079.1	50.193	259	120	2	4	262	38205	37456	7.64e-72	244	69.88	0/-3
ParA	NZ_JABBJJ010000181.1	51.351	259	117	2	4	262	24344	25093	8.33e-72	244	71.04	0/2
ParA	NZ_AULM01000001.1	52.326	258	114	2	5	262	56446	57192	1.33e-71	243	68.60	0/1
ParA	NZ_CP016211.1	51.562	256	113	3	5	260	3208561	3207827	1.42e-71	243	70.31	0/-2
ParA	NZ_CP016211.1	36.434	258	144	6	6	260	3222067	3222789	3.52e-34	135	54.26	0/1
ParA	NZ_CP016211.1	31.120	241	153	5	6	244	10117105	10116416	3.43e-17	86.3	46.89	0/-2
ParA	NZ_FNAJ01000006.1	50.193	259	120	2	4	262	375875	376624	1.51e-71	243	71.04	0/2
ParA	NC_008095.1	50.193	259	120	2	4	262	9104224	9103475	1.73e-71	243	71.04	0/-2
ParA	NC_008095.1	31.621	253	164	2	10	262	734431	735162	1.19e-27	117	50.99	0/1
ParA	NC_008095.1	33.984	256	159	5	6	259	7209950	7209207	7.58e-25	108	50.78	0/-1
ParA	NC_008095.1	30.000	260	165	7	6	262	4717893	4717156	2.36e-13	74.7	45.00	0/-3
ParA	NZ_CP012109.1	50.193	259	120	2	4	262	8679488	8680237	2.02e-71	243	71.04	0/2
ParA	NZ_CP012109.1	31.621	253	164	2	10	262	7867512	7866781	1.19e-27	117	50.99	0/-2
ParA	NZ_CP012109.1	33.846	260	162	5	2	259	1286077	1286832	5.22e-26	112	51.15	0/1
ParA	NZ_CP012109.1	29.924	264	168	7	2	262	3711366	3712115	5.12e-14	77.0	45.45	0/3
ParA	NZ_CP022203.1	50.193	259	120	2	4	262	8923083	8922334	2.18e-71	243	71.04	0/-3
ParA	NZ_CP022203.1	31.621	253	164	2	10	262	763218	763949	1.01e-27	117	50.99	0/3
ParA	NZ_CP022203.1	33.594	256	160	5	6	259	7022706	7021963	1.40e-25	110	50.78	0/-3
ParA	NZ_CP022203.1	30.000	260	165	7	6	262	4766640	4765903	1.57e-13	75.5	44.62	0/-3
ParA	NZ_CP022203.1	28.000	200	125	6	6	188	5528545	5529138	2.24e-07	56.6	44.00	0/1
ParA	NZ_FRFE01000001.1	50.388	258	119	2	4	261	300126	299380	2.30e-71	243	68.60	0/-3
ParA	NZ_KE387006.1	50.000	262	122	2	1	262	104852	105610	2.51e-71	243	66.79	0/2
ParA	NZ_CP041186.1	51.737	259	116	2	4	262	131868	131119	2.77e-71	243	68.73	0/-2
ParA	NZ_CP041186.1	37.209	258	147	6	6	262	7145881	7146612	3.44e-26	112	55.43	0/1
ParA	NZ_CP041186.1	34.601	263	161	5	4	262	6548976	6549743	1.92e-24	107	52.09	0/3
ParA	NZ_ASRX01000096.1	51.953	256	112	3	5	260	36926	37660	3.86e-71	242	68.75	0/2
ParA	NZ_ASRX01000096.1	33.852	257	156	4	4	260	27085	26357	2.92e-32	130	54.09	0/-1
ParA	NZ_JHZB01000004.1	50.579	259	119	2	4	262	104369	105118	7.31e-71	241	68.34	0/2
ParA	NC_008609.1	53.668	259	111	2	4	262	623188	623937	7.48e-71	241	71.81	0/1
ParA	NC_008609.1	27.459	244	160	7	5	245	3448992	3449681	5.36e-11	67.8	45.49	0/3
ParA	NC_008609.1	47.541	61	30	2	2	62	2467230	2467054	2.66e-06	53.5	62.30	0/-1
ParA	NZ_FQXS01000013.1	50.388	258	119	2	5	262	62816	63562	1.76e-70	240	66.28	0/2
ParA	NZ_CP012159.1	51.172	256	114	3	5	260	6536401	6537135	1.85e-70	240	69.14	0/1
ParA	NZ_CP012159.1	33.852	257	156	4	4	260	6526729	6526001	1.50e-32	131	53.70	0/-3
ParA	NZ_CP012159.1	33.898	118	77	1	128	244	10842333	10841980	8.69e-10	64.3	53.39	0/-1
ParA	NZ_CP012159.1	51.220	41	20	0	5	45	661923	662045	5.01e-05	49.7	73.17	0/3
ParA	NZ_CP011125.1	51.751	257	114	3	4	260	4298035	4297295	2.40e-70	240	69.65	0/-3
ParA	NZ_CP011125.1	36.187	257	149	5	6	262	4384629	4385354	9.50e-22	99.8	51.36	0/3
ParA	NZ_CP030032.1	52.124	259	115	2	4	262	2248499	2247750	2.86e-70	239	67.18	0/-3
ParA	NZ_CP030032.1	39.245	265	146	6	4	262	2230635	2229868	1.91e-33	133	54.34	0/-2
ParA	NZ_CP030032.1	38.372	258	143	6	6	262	3808807	3808079	1.62e-26	113	53.88	0/-1
ParA	NC_011768.1	48.249	257	124	2	4	260	4691808	4691065	3.50e-70	239	70.43	0/-3
ParA	NC_011768.1	41.762	261	142	5	4	262	683527	684285	1.62e-48	177	61.30	0/1
ParA	NC_011768.1	32.540	252	158	5	8	255	6330564	6331295	1.19e-26	114	53.57	0/3
ParA	NC_011768.1	27.473	273	160	6	4	262	3103938	3104684	1.31e-20	96.3	45.42	0/3
ParA	NZ_JQKJ01000009.1	50.193	259	120	2	4	262	72698	73447	3.95e-70	239	69.50	0/2
ParA	NZ_JQKJ01000009.1	28.794	257	166	4	4	259	34925	35647	2.88e-17	86.7	42.80	0/2
ParA	NC_014972.1	49.225	258	122	2	5	262	104	850	5.15e-70	239	67.44	0/2
ParA	NC_014972.1	29.389	262	170	8	4	252	3552961	3552182	2.22e-20	95.5	50.00	0/-1
ParA	NC_014972.1	27.863	262	159	6	5	259	1917053	1916337	6.52e-12	70.5	44.27	0/-3
ParA	NZ_CP039543.1	51.751	257	115	2	6	262	3241186	3241929	7.21e-70	238	69.26	0/1
ParA	NZ_CP039543.1	35.000	260	157	5	4	259	1323078	1322323	3.23e-29	121	54.62	0/-1
ParA	NZ_CP039543.1	32.171	258	159	5	4	260	1829864	1830592	1.58e-18	90.1	48.06	0/2
ParA	NZ_CP039543.1	27.344	256	172	4	6	261	4107832	4107107	9.27e-14	76.3	45.31	0/-3
ParA	NZ_APJX01000008.1	48.649	259	124	2	4	262	158779	159528	7.26e-70	238	70.27	0/1
ParA	NZ_AZAC01000056.1	51.751	257	115	2	4	260	28239	28982	8.24e-70	238	69.65	0/3
ParA	NC_018025.1	49.615	260	116	3	4	260	6498399	6499142	2.00e-69	237	69.62	0/3
ParA	NC_018025.1	38.462	260	152	3	4	262	5572382	5573140	3.65e-40	153	53.85	0/2
ParA	NC_018025.1	28.455	246	173	1	5	250	2838839	2838111	5.24e-22	100	48.78	0/-3
ParA	NZ_CP016908.1	49.412	255	122	3	6	260	477994	477251	2.78e-69	237	71.37	0/-2
ParA	NZ_CP016908.1	34.008	247	149	4	6	252	1158849	1158151	3.32e-30	124	54.66	0/-3
ParA	NZ_ABCS01000008.1	51.311	267	118	3	4	262	41369	42157	3.36e-69	236	68.16	0/2
ParA	NZ_BCAG01000003.1	47.104	259	128	2	4	262	2114931	2114182	4.13e-69	236	70.27	0/-3
ParA	NZ_BCAG01000003.1	40.152	264	149	4	1	262	1776623	1775853	1.46e-47	174	59.85	0/-1
ParA	NZ_BCAG01000003.1	32.031	256	162	4	5	260	1937334	1936603	2.14e-30	124	53.52	0/-3
ParA	NZ_BCAG01000003.1	30.418	263	168	7	2	260	2121158	2121913	7.03e-18	88.2	47.91	0/2
ParA	NZ_ATWO01000001.1	48.638	257	123	2	4	260	3820294	3819551	5.26e-69	236	70.43	0/-1
ParA	NZ_ATWO01000001.1	25.490	255	182	2	5	259	2292710	2291970	6.32e-15	79.7	44.31	0/-3
ParA	NZ_ATWO01000001.1	26.923	260	164	5	6	259	1528187	1528906	4.07e-10	65.1	41.54	0/2
ParA	NZ_ATWO01000001.1	26.486	185	119	4	4	171	1768958	1768404	1.07e-05	51.6	42.70	0/-3
ParA	NZ_FOBS01000004.1	47.287	258	126	3	4	260	11660	10914	5.61e-69	236	68.22	0/-1
ParA	NZ_MAGO01000003.1	49.810	263	121	3	1	262	208825	209583	9.26e-69	235	66.54	0/1
ParA	NZ_APJX01000003.1	48.638	257	123	2	4	260	325058	325801	1.06e-68	235	70.04	0/2
ParA	NZ_FNLL01000002.1	47.471	257	126	2	4	260	186571	185828	1.91e-68	234	70.04	0/-3
ParA	NZ_QMIE01000010.1	50.195	257	119	2	6	262	99283	98540	2.10e-68	234	69.26	0/-2
ParA	NC_018645.1	47.471	257	126	2	4	260	4256972	4256229	2.32e-68	234	70.04	0/-2
ParA	NC_018645.1	30.859	256	168	2	4	259	4043814	4044554	8.32e-26	111	50.00	0/3
ParA	NC_018645.1	28.139	231	152	4	6	236	2138491	2139141	6.14e-10	64.7	43.72	0/1
ParA	NC_018645.1	29.213	178	99	7	4	158	3715666	3715145	1.02e-06	54.7	43.82	0/-3
ParA	NC_013223.1	48.649	259	124	2	4	262	721	1470	4.73e-68	233	69.11	0/1
ParA	NC_013223.1	35.135	259	154	5	6	262	1322916	1322176	1.74e-31	128	49.81	0/-1
ParA	NC_013440.1	50.579	259	119	2	4	262	6274981	6274232	5.37e-68	233	65.25	0/-1
ParA	NC_013440.1	38.272	243	140	4	10	252	6387548	6388246	1.27e-32	131	51.44	0/2
ParA	NC_013440.1	35.741	263	156	5	4	262	148076	147315	2.55e-27	115	50.57	0/-3
ParA	NC_013440.1	28.270	237	157	7	4	238	9353333	9354010	6.21e-11	67.8	46.41	0/2
ParA	NZ_AUCV01000017.1	47.328	262	129	2	1	262	38923	38165	7.70e-68	233	67.18	0/-3
ParA	NC_014216.1	50.752	266	114	4	4	261	2326086	2325316	8.44e-68	233	65.79	0/-3
ParA	NC_014216.1	29.020	255	165	5	6	259	1000955	1000236	8.36e-15	79.3	46.67	0/-1
ParA	NZ_FNIN01000009.1	49.609	256	120	3	4	259	3829	3089	1.22e-67	232	68.75	0/-1
ParA	NC_009943.1	49.807	259	121	3	4	262	1939960	1940709	1.30e-67	232	69.88	0/1
ParA	NC_009943.1	36.680	259	155	4	4	260	1876890	1877645	6.54e-40	152	57.53	0/3
ParA	NC_009943.1	30.000	260	163	4	4	261	1518055	1518783	9.56e-13	73.2	45.38	0/1
ParA	NC_014365.1	51.751	257	115	2	4	260	1201910	1202653	1.53e-67	232	66.54	0/2
ParA	NC_022444.1	49.807	259	121	2	4	262	940460	939711	2.15e-67	231	67.57	0/-2
ParA	NC_022444.1	38.697	261	156	1	2	262	3259636	3260406	3.99e-38	147	54.41	0/1
ParA	NC_022444.1	32.184	261	170	3	1	260	18502	17738	3.88e-29	121	52.87	0/-3
ParA	NC_022444.1	32.824	262	148	8	6	260	3257581	3258303	7.04e-18	88.2	48.85	0/1
ParA	NC_022444.1	27.715	267	167	6	2	262	1736539	1735799	8.26e-11	67.4	44.94	0/-3
ParA	NC_022444.1	29.249	253	165	7	5	253	3500619	3501347	7.77e-08	58.2	45.06	0/3
ParA	NC_022444.1	23.744	219	130	5	4	191	1394748	1395386	8.26e-05	48.9	37.90	0/3
ParA	NC_012108.1	47.104	259	128	2	4	262	3603964	3604713	2.15e-67	231	68.73	0/1
ParA	NC_012108.1	30.469	256	169	2	5	260	3753816	3753076	1.04e-22	102	50.39	0/-2
ParA	NC_012108.1	31.227	269	151	10	2	262	2703710	2704438	6.83e-14	76.6	46.10	0/2
ParA	NZ_AP021876.1	48.638	257	123	2	4	260	3617772	3617029	3.73e-67	231	68.09	0/-1
ParA	NZ_AP021876.1	44.402	259	135	4	4	260	767903	768658	4.58e-52	187	61.78	0/2
ParA	NZ_AP021876.1	33.594	256	158	6	5	260	468008	468739	2.68e-28	119	53.52	0/2
ParA	NZ_AP021876.1	31.660	259	169	2	2	260	1465729	1466481	4.44e-26	112	47.49	0/1
ParA	NZ_AP021876.1	29.615	260	175	2	2	261	4326253	4325498	9.42e-24	105	46.15	0/-3
ParA	NZ_AP021876.1	29.688	256	168	5	8	259	448886	449629	1.88e-16	84.0	46.48	0/2
ParA	NZ_AP021876.1	27.734	256	170	6	4	259	7656526	7655804	7.25e-13	73.6	46.09	0/-3
ParA	NZ_AUAR01000002.1	49.805	257	120	2	4	260	90359	91102	1.09e-66	229	66.54	0/2
ParA	NZ_LR701292.1	47.860	257	125	3	4	260	3892562	3891819	1.13e-66	229	69.26	0/-3
ParA	NZ_PVNL01000050.1	50.388	258	123	2	5	262	18133	18891	1.44e-66	229	68.22	0/1
ParA	NZ_AP021874.1	47.860	257	125	2	4	260	5874650	5875393	1.55e-66	229	68.09	0/2
ParA	NZ_AP021874.1	43.295	261	139	3	4	262	1570991	1570230	8.76e-51	184	60.54	0/-3
ParA	NZ_AP021874.1	31.641	256	163	4	5	260	7230894	7231625	3.01e-26	112	50.00	0/3
ParA	NZ_AP021874.1	31.439	264	166	7	1	260	530657	531415	2.53e-21	98.6	48.86	0/2
ParA	NZ_CABKOD010000039.1	47.104	259	128	2	4	262	146445	145696	1.60e-66	229	66.80	0/-1
ParA	NZ_FQVB01000009.1	48.837	258	123	2	5	262	5789	6535	1.82e-66	229	67.05	0/2
ParA	NC_017310.1	48.092	262	121	3	4	262	297	1046	4.11e-66	228	67.56	0/3
ParA	NC_017310.1	37.692	260	155	3	1	259	2162817	2162056	2.62e-34	136	55.38	0/-3
ParA	NZ_CP015381.1	49.807	259	119	3	4	260	1185708	1186457	5.38e-66	227	67.18	0/3
ParA	NC_015318.1	48.450	258	120	3	4	261	992082	991348	5.75e-66	227	68.60	0/-1
ParA	NZ_FWXF01000008.1	48.062	258	125	2	5	262	99223	99969	5.90e-66	227	66.67	0/1
ParA	NZ_JMKT01000008.1	48.638	257	123	2	5	261	63727	64470	5.98e-66	227	66.93	0/1
ParA	NZ_JMKT01000008.1	29.961	257	173	3	6	261	641829	642581	3.80e-28	118	51.75	0/3
ParA	NZ_KI867150.1	47.674	258	126	2	5	262	1070483	1071229	6.78e-66	227	68.60	0/2
ParA	NZ_CAADHO010000006.1	46.693	257	128	2	4	260	211380	210637	8.13e-66	227	68.87	0/-1
ParA	NZ_JYNO01000001.1	48.092	262	127	2	1	262	635754	636512	1.17e-65	226	63.74	0/3
ParA	NZ_LT828541.1	45.174	259	133	2	4	262	451266	452015	1.51e-65	226	69.50	0/3
ParA	NZ_LT828541.1	28.462	260	162	6	6	262	64860	64144	1.41e-12	72.4	43.85	0/-3
ParA	NZ_LT828541.1	54.762	42	19	0	5	46	316267	316142	3.27e-06	53.1	73.81	0/-2
ParA	NC_013173.1	49.237	262	118	3	4	262	3437858	3438607	1.69e-65	226	65.27	0/2
ParA	NC_013173.1	29.963	267	147	7	6	259	1639570	1640289	6.04e-15	79.7	46.07	0/1
ParA	NC_007759.1	45.349	258	131	3	4	260	3177749	3178495	1.83e-65	226	68.22	0/2
ParA	NZ_CP036313.1	49.807	259	121	2	4	262	4345737	4344988	3.20e-65	225	69.88	0/-3
ParA	NZ_CP036313.1	28.125	256	175	3	5	260	4274966	4275706	2.61e-17	86.7	47.27	0/2
ParA	NZ_CP036313.1	27.692	260	165	6	4	259	704226	703504	2.71e-15	80.5	42.69	0/-3
ParA	NZ_CP036313.1	29.572	257	153	8	6	255	3262724	3263431	5.84e-12	70.9	45.53	0/2
ParA	NZ_CP036313.1	26.154	195	124	5	4	179	2632265	2632846	2.66e-05	50.4	45.13	0/2
ParA	NZ_JPIK01000012.1	49.035	259	123	2	4	262	115365	116114	4.06e-65	225	63.71	0/3
ParA	NZ_AUEY01000055.1	46.693	257	128	3	4	260	10641	11384	4.13e-65	225	68.48	0/3
ParA	NZ_AP021875.1	46.693	257	128	2	4	260	6184159	6184902	4.19e-65	225	68.48	0/1
ParA	NZ_AP021875.1	41.379	261	144	4	4	262	1552814	1552053	6.04e-48	175	60.92	0/-1
ParA	NZ_AP021875.1	31.660	259	169	2	2	260	5278105	5277353	1.26e-26	114	47.49	0/-2
ParA	NZ_AP021875.1	32.197	264	164	7	1	260	1302304	1301546	8.57e-24	105	49.24	0/-2
ParA	NZ_AP021875.1	32.296	257	162	5	4	260	7212352	7213086	6.74e-23	103	51.36	0/1
ParA	NZ_AP021875.1	26.894	264	169	8	4	262	6251148	6250414	2.05e-10	65.9	45.45	0/-3
ParA	NZ_LT706952.1	47.876	259	126	2	4	262	1261818	1262567	4.31e-65	225	66.02	0/3
ParA	NZ_JACHEO010000004.1	52.140	257	115	2	4	260	160457	159711	5.36e-65	224	67.70	0/-1
ParA	NZ_JYNP01000033.1	47.490	259	127	2	4	262	37081	37830	5.66e-65	224	68.34	0/1
ParA	NZ_LKAQ01000004.1	49.219	256	121	2	6	261	991047	990307	6.92e-65	224	66.80	0/-2
ParA	NZ_LKAQ01000004.1	41.699	259	139	2	4	262	1832653	1831913	1.94e-46	171	55.98	0/-1
ParA	NZ_FUYA01000015.1	46.718	259	129	2	4	262	4732	3983	8.05e-65	224	66.41	0/-1
ParA	NZ_BEXT01000001.1	48.077	260	124	3	4	261	6533166	6533918	1.04e-64	224	66.54	0/3
ParA	NZ_BEXT01000001.1	30.769	260	167	6	4	262	2697996	2697253	4.90e-24	106	49.62	0/-2
ParA	NZ_JQLX01000012.1	46.899	258	124	3	4	261	94598	95332	1.16e-64	223	68.22	0/2
ParA	NZ_MDSU01000018.1	46.512	258	126	3	4	261	180649	181386	1.22e-64	223	67.05	0/1
ParA	NC_020127.1	46.332	259	130	2	4	262	1011971	1012720	1.38e-64	223	66.41	0/2
ParA	NC_020127.1	34.496	258	162	3	4	260	1398671	1399426	8.39e-33	132	54.26	0/2
ParA	NZ_KE150238.1	46.718	259	129	2	4	262	1572821	1572072	1.44e-64	223	66.41	0/-2
ParA	NZ_KE150238.1	45.174	259	130	4	5	262	175325	176068	7.02e-49	178	57.92	0/2
ParA	NZ_KE150238.1	46.286	175	88	2	88	262	2690930	2690424	7.02e-31	126	60.00	0/-2
ParA	NZ_KE150238.1	46.392	97	48	2	5	100	2691132	2690851	5.80e-13	73.6	56.70	0/-1
ParA	NZ_JAATJA010000002.1	45.560	259	132	2	4	262	51977	52726	1.51e-64	223	67.18	0/2
ParA	NZ_FORX01000003.1	48.855	262	119	3	4	262	302918	303667	1.72e-64	223	65.65	0/2
ParA	NZ_KI912608.1	48.263	259	125	2	4	262	2986403	2985654	1.73e-64	223	63.71	0/-2
ParA	NZ_KI912608.1	33.852	257	162	3	5	259	942702	941950	8.81e-34	134	55.64	0/-1
ParA	NZ_LT907975.1	48.438	256	123	2	6	261	2000163	2000903	1.87e-64	223	67.19	0/3
ParA	NZ_JADBGG010000003.1	48.855	262	119	3	4	262	147360	146611	1.97e-64	223	65.65	0/-1
ParA	NZ_FOTO01000002.1	48.855	262	119	3	4	262	89611	90360	1.97e-64	223	65.65	0/1
ParA	NZ_CM001488.1	49.807	259	121	2	4	262	3337708	3336959	2.31e-64	223	69.50	0/-3
ParA	NZ_CM001488.1	28.244	262	167	5	5	260	1987195	1986455	1.63e-18	90.1	48.47	0/-3
ParA	NZ_CM001488.1	29.615	260	160	6	4	259	2876433	2877155	2.47e-17	86.7	41.54	0/3
ParA	NZ_CM001488.1	30.268	261	146	9	6	255	2080509	2081216	2.93e-13	74.7	45.98	0/3
ParA	NZ_CM001488.1	27.551	196	112	5	4	175	3760640	3761209	4.59e-05	49.7	41.84	0/2
ParA	NZ_SIXC01000004.1	45.174	259	133	2	4	262	155913	156662	2.82e-64	222	66.80	0/3
ParA	NC_008554.1	48.638	257	124	2	4	260	3217710	3218456	2.91e-64	222	67.70	0/3
ParA	NZ_JACHGO010000006.1	44.788	259	134	2	4	262	38476	37727	3.23e-64	222	67.95	0/-3
ParA	NZ_JIAK01000015.1	48.047	256	124	2	5	260	14392	13652	3.97e-64	222	68.36	0/-1
ParA	NZ_ATUZ01000014.1	45.174	259	133	2	4	262	236864	237613	4.44e-64	222	69.11	0/2
ParA	NZ_JONL01000004.1	47.876	259	126	2	4	262	11245	10496	4.93e-64	222	67.18	0/-1
ParA	NZ_ATUV01000001.1	46.124	258	128	3	4	261	441228	440488	5.28e-64	221	67.83	0/-1
ParA	NZ_JAATWC010000001.1	49.421	259	121	2	2	260	56346	57092	6.92e-64	221	64.86	0/3
ParA	NZ_KE386985.1	46.094	256	129	2	5	260	144023	143283	9.78e-64	221	67.58	0/-3
ParA	NZ_CP007051.1	45.736	258	128	3	4	261	719877	719140	1.58e-63	220	66.67	0/-3
ParA	NZ_SOBK01000007.1	49.219	256	121	2	6	261	23300	24040	1.69e-63	220	66.41	0/2
ParA	NC_007519.1	45.946	259	131	2	4	262	25901	25152	1.73e-63	220	66.80	0/-1
ParA	NC_007519.1	36.538	260	158	3	1	259	1598956	1599717	1.51e-31	128	57.69	0/1
ParA	NC_007519.1	45.588	68	34	1	195	262	3712918	3712724	3.33e-06	53.1	51.47	0/-2
ParA	NZ_FRDI01000010.1	46.332	259	129	2	4	262	46972	47718	1.75e-63	220	67.95	0/1
ParA	NZ_FMYU01000006.1	46.304	257	126	3	4	260	31940	32674	2.73e-63	219	66.54	0/2
ParA	NZ_JACDUS010000001.1	48.062	258	125	2	5	262	141105	140359	2.74e-63	219	67.05	0/-1
ParA	NZ_JAEX01000010.1	46.332	259	130	2	4	262	92307	93056	4.96e-63	219	67.57	0/3
ParA	NZ_CP014230.1	46.693	257	128	2	4	260	777068	776325	5.60e-63	219	65.37	0/-3
ParA	NZ_VRYY01000265.1	45.455	253	129	2	10	262	4704	3973	5.82e-63	219	67.59	0/-3
ParA	NZ_AUCY01000013.1	45.946	259	129	3	4	262	29090	29833	5.85e-63	219	67.57	0/2
ParA	NZ_KI632512.1	45.455	253	129	2	10	262	2648855	2648124	6.05e-63	219	67.59	0/-2
ParA	NZ_KI632512.1	37.023	262	158	3	1	261	1022011	1021244	1.52e-37	145	56.87	0/-3
ParA	NZ_BLVP01000043.1	43.629	259	137	2	4	262	57389	56640	8.62e-63	218	67.57	0/-3
ParA	NC_014844.1	48.047	256	124	2	6	261	179	919	1.09e-62	218	66.41	0/2
ParA	NC_014844.1	42.085	259	138	2	4	262	1347187	1347927	2.88e-48	176	56.37	0/1
ParA	NZ_CP014229.1	45.174	259	133	2	4	262	3262823	3262074	1.56e-62	217	67.57	0/-3
ParA	NZ_CP014229.1	33.080	263	165	4	1	260	1522823	1523587	1.72e-32	130	54.37	0/2
ParA	NZ_CP014229.1	26.766	269	165	8	1	262	1898155	1897424	3.15e-12	71.6	43.87	0/-1
ParA	NZ_FNGA01000001.1	46.332	259	130	2	4	262	568287	567538	2.04e-62	217	66.80	0/-2
ParA	NZ_CP021255.1	47.104	259	127	3	4	262	652976	652230	2.06e-62	217	68.34	0/-1
ParA	NZ_FMXO01000004.1	47.036	253	125	2	10	262	46901	47632	2.93e-62	216	64.82	0/2
ParA	NZ_AULY01000007.1	45.560	259	132	2	4	262	774080	774829	2.99e-62	216	66.02	0/2
ParA	NZ_FSRG01000004.1	45.560	259	132	2	4	262	4420	3671	2.99e-62	216	66.02	0/-2
ParA	NZ_KE383876.1	49.421	259	116	3	6	261	240729	241469	3.66e-62	216	65.25	0/3
ParA	NZ_JXMS01000013.1	45.560	259	132	2	4	262	82690	83439	3.97e-62	216	66.02	0/1
ParA	NC_016629.1	47.082	257	127	2	6	262	1187206	1186463	4.08e-62	216	66.15	0/-3
ParA	NC_016629.1	34.375	256	162	2	5	260	3485667	3484918	9.12e-39	149	55.47	0/-1
ParA	NZ_FZOC01000003.1	47.266	256	126	2	6	261	58281	57541	6.40e-62	216	64.45	0/-3
ParA	NZ_WAIE01000006.1	46.875	256	127	2	6	261	98798	99538	8.53e-62	215	65.62	0/2
ParA	NZ_CP026538.1	45.174	259	133	2	4	262	15597	16346	9.61e-62	215	67.18	0/3
ParA	NZ_CP026538.1	34.766	256	160	2	4	259	1187544	1188290	3.29e-27	115	53.52	0/3
ParA	NZ_CP026538.1	34.468	235	136	4	4	236	2139184	2138528	7.72e-24	105	48.09	0/-2
ParA	NZ_CP026538.1	29.545	264	152	6	6	259	3860225	3860944	1.72e-10	66.2	41.29	0/2
ParA	NC_012796.1	45.174	259	133	2	4	262	15525	16274	9.61e-62	215	67.18	0/3
ParA	NC_012796.1	35.156	256	159	2	4	259	3756280	3755534	2.07e-27	116	53.52	0/-2
ParA	NC_012796.1	33.906	233	140	4	4	236	2708750	2709406	1.36e-22	102	47.64	0/2
ParA	NC_012796.1	29.885	261	149	6	6	256	772412	771702	1.55e-11	69.3	41.76	0/-1
ParA	NZ_BBCB01000013.1	47.471	257	126	2	6	262	34193	34936	1.01e-61	215	66.15	0/2
ParA	NZ_ACJN02000002.1	45.525	257	131	2	6	262	486413	485670	2.72e-61	214	65.76	0/-3
ParA	NZ_ACJN02000002.1	32.184	261	169	4	4	262	1094629	1095393	8.95e-32	129	55.17	0/1
ParA	NZ_AUDC01000010.1	45.946	259	131	2	4	262	417316	416567	3.17e-61	214	66.02	0/-1
ParA	NZ_AUCX01000009.1	46.332	259	130	2	4	262	135418	136167	3.32e-61	214	65.64	0/1
ParA	NC_012881.1	45.560	259	132	2	4	262	221	970	4.00e-61	213	65.64	0/2
ParA	NC_012881.1	36.047	258	159	2	4	261	2999352	2998597	5.00e-36	141	54.65	0/-1
ParA	NZ_VDMB01000024.1	46.304	257	129	2	4	260	37922	38665	4.35e-61	213	67.70	0/2
ParA	NZ_FWZU01000004.1	45.560	259	132	2	4	262	101982	102731	6.16e-61	213	66.41	0/3
ParA	NZ_AQXE01000004.1	46.457	254	127	2	9	262	13739	13005	7.90e-61	213	66.93	0/-3
ParA	NZ_AP017378.1	45.174	259	133	2	4	262	2876519	2875770	8.64e-61	212	66.02	0/-2
ParA	NZ_AP017378.1	34.615	260	163	3	1	259	532178	532939	7.49e-34	135	55.00	0/2
ParA	NZ_VLLC01000008.1	46.693	257	128	2	4	260	16708	17451	1.33e-60	212	67.70	0/1
ParA	NZ_LBMP01000004.1	46.693	257	128	2	4	260	134335	135078	2.30e-60	211	64.59	0/1
ParA	NZ_BDFE01000015.1	44.402	259	135	2	4	262	213524	214273	4.19e-60	210	64.86	0/2
ParA	NC_020055.1	44.788	259	134	2	4	262	1038092	1037343	6.28e-60	210	65.64	0/-1
ParA	NC_020055.1	37.209	258	156	2	4	261	2151658	2152413	4.14e-38	147	55.04	0/1
ParA	NZ_ATHI01000010.1	46.304	257	129	2	6	262	13313	12570	1.17e-59	209	64.20	0/-1
ParA	NZ_FWXY01000008.1	47.104	259	128	2	4	262	155795	156544	1.38e-59	209	67.95	0/2
ParA	NZ_WVUD01000007.1	44.402	259	135	2	4	262	46599	45850	1.65e-59	209	66.02	0/-3
ParA	NZ_JOMJ01000003.1	45.914	257	130	2	6	262	1816758	1816015	5.70e-59	207	63.81	0/-1
ParA	NZ_JOMJ01000003.1	41.085	258	143	2	4	261	2234153	2234899	1.05e-49	181	58.91	0/2
ParA	NZ_JOMJ01000003.1	31.008	258	172	2	4	261	39531	40286	6.08e-31	126	53.49	0/3
ParA	NZ_CM001368.1	45.560	259	132	2	4	262	2788746	2789495	9.68e-59	206	65.25	0/3
ParA	NZ_CM001368.1	42.912	261	135	4	4	262	3245917	3245171	4.76e-47	173	59.00	0/-3
ParA	NZ_CM001368.1	33.074	257	165	2	4	260	1463600	1462851	4.20e-31	127	53.31	0/-2
ParA	NZ_CM001368.1	32.197	264	145	6	6	259	1616751	1617470	2.04e-16	84.0	43.94	0/3
ParA	NZ_AECZ01000008.1	43.893	262	138	2	1	262	100529	101287	9.92e-59	206	65.27	0/2
ParA	NZ_RJVA01000001.1	48.047	256	123	2	5	260	89276	88539	1.39e-58	206	65.62	0/-2
ParA	NZ_AUBP01000007.1	43.243	259	138	2	4	262	50273	49524	2.25e-58	205	64.48	0/-1
ParA	NZ_AUBP01000007.1	28.627	255	168	5	6	260	186295	185573	1.41e-12	72.4	46.27	0/-2
ParA	NZ_FUYC01000013.1	44.922	256	132	2	4	259	26443	25703	2.49e-58	205	63.67	0/-3
ParA	NZ_BBCC01000312.1	48.087	183	90	1	78	260	809	1342	5.95e-58	162	68.85	0/2
ParA	NZ_BBCC01000312.1	64.407	59	21	0	4	62	601	777	5.95e-58	85.5	81.36	0/1
ParA	NZ_CP045508.1	44.402	259	135	2	4	262	55313	56062	9.12e-58	204	64.86	0/2
ParA	NZ_CP045508.1	39.768	259	141	5	4	262	3912953	3913684	4.73e-35	138	51.74	0/2
ParA	NZ_CP045508.1	32.946	258	167	2	4	261	2746918	2746163	7.70e-33	132	53.88	0/-2
ParA	NZ_CP045504.1	44.015	259	136	2	4	262	2890564	2891313	1.06e-57	203	63.71	0/1
ParA	NZ_CP045504.1	32.946	258	167	2	4	261	4076548	4077303	1.12e-33	134	53.49	0/1
ParA	NZ_CP045504.1	40.304	263	144	4	1	262	2842945	2843697	1.80e-30	125	52.09	0/1
ParA	NZ_JNJA01000001.1	44.015	259	136	2	4	262	372593	371844	4.46e-57	202	64.86	0/-3
ParA	NC_020409.1	47.451	255	125	2	6	260	2350615	2351352	1.00e-55	198	66.27	0/1
ParA	NC_020409.1	40.230	261	144	2	2	262	2314545	2313799	5.80e-44	164	54.79	0/-1
ParA	NC_020409.1	53.659	41	19	0	6	46	658853	658731	6.91e-05	48.9	75.61	0/-2
ParA	NZ_ATVA01000014.1	43.359	256	136	2	4	259	67132	67872	1.59e-52	189	61.72	0/1
ParA	NZ_KE386885.1	44.015	259	136	2	4	262	318921	319670	1.62e-52	189	64.86	0/3
ParA	NC_022436.1	45.977	261	128	4	2	262	28321	27578	5.76e-51	184	59.00	0/-2
ParA	NC_020128.1	42.529	261	134	4	4	262	26004	26744	6.20e-50	181	59.39	0/3
ParA	NZ_AUBQ01000003.1	45.525	257	126	4	6	262	148331	147603	6.94e-49	178	58.75	0/-2
ParA	NZ_AUBQ01000003.1	38.281	256	143	4	4	259	573084	573806	1.87e-36	142	54.69	0/3
ParA	NZ_FQZU01000028.1	40.996	261	144	5	4	262	7918	7160	3.50e-48	176	61.30	0/-3
ParA	NZ_SOBK01000011.1	41.699	259	139	2	4	262	105919	105179	1.48e-47	174	57.14	0/-3
ParA	NZ_FOUU01000001.1	41.016	256	139	2	5	260	523675	524406	1.87e-47	174	57.03	0/1
ParA	NZ_JACDUS010000002.1	38.697	261	151	3	4	262	448369	447608	4.54e-47	173	58.24	0/-2
ParA	NZ_BBCC01000011.1	41.699	259	142	3	4	260	42877	43632	1.71e-45	168	59.46	0/1
ParA	NZ_JNJA01000028.1	39.847	261	146	4	2	262	4522	3773	2.58e-40	153	55.94	0/-1
ParA	NZ_AUBP01000027.1	39.844	256	142	4	4	259	109249	109980	1.32e-39	151	53.52	0/1
ParA	NZ_LBMP01000005.1	38.224	259	148	3	4	262	440512	439772	3.92e-39	150	55.60	0/-1
ParA	NZ_KE386880.1	33.969	262	165	3	1	260	20154	20921	8.42e-39	149	58.02	0/3
ParA	NZ_WAIE01000011.1	36.782	261	150	6	4	262	27391	26648	1.14e-38	149	55.94	0/-2
ParA	NZ_AUCX01000017.1	34.483	261	165	2	1	261	24306	23542	4.20e-38	147	54.79	0/-2
ParA	NZ_FRFE01000031.1	37.597	258	151	3	4	261	3730	4473	4.82e-38	147	55.81	0/1
ParA	NZ_VRYY01000805.1	37.023	262	158	3	1	261	8389	9156	2.08e-37	145	56.87	0/1
ParA	NZ_KE387017.1	37.743	257	153	3	5	260	297697	296945	2.38e-37	145	56.03	0/-2
ParA	NZ_KE150239.1	39.474	266	148	7	1	262	669210	669980	3.00e-37	144	50.75	0/3
ParA	NZ_AUDC01000002.1	35.659	258	160	2	4	261	39421	40176	4.12e-37	144	55.43	0/1
ParA	NZ_FRDI01000002.1	36.782	261	159	2	1	261	142054	142818	6.64e-37	144	54.02	0/1
ParA	NZ_AUBQ01000004.1	33.846	260	166	2	1	260	248730	247969	1.40e-36	142	56.92	0/-2
ParA	NC_008607.1	37.023	262	151	4	4	262	161051	161803	7.67e-36	140	55.73	0/2
ParA	NZ_JONL01000003.1	36.047	258	159	2	4	261	414344	415099	1.36e-35	140	54.26	0/2
ParA	NZ_FWZU01000007.1	36.822	258	157	2	4	261	89600	90355	2.03e-35	139	53.88	0/2
ParA	NZ_AP017379.1	36.398	261	153	3	4	262	22575	23324	2.98e-35	139	53.64	0/3
ParA	NZ_FNGA01000004.1	36.047	258	159	2	4	261	459040	459795	4.22e-35	138	53.88	0/1
ParA	NZ_SIXC01000001.1	33.716	261	166	3	1	260	62781	62017	5.25e-35	138	54.02	0/-3
ParA	NZ_AUMA01000010.1	33.077	260	168	2	1	260	46867	46106	7.47e-35	137	54.62	0/-2
ParA	NZ_AULM01000044.1	35.249	261	153	4	4	261	2643	3386	9.44e-35	137	54.79	0/3
ParA	NZ_FNIN01000003.1	33.591	259	164	3	4	262	161740	160988	4.05e-34	135	53.28	0/-2
ParA	NC_020130.1	37.262	263	152	6	1	259	114743	115504	5.83e-34	135	48.67	0/2
ParA	NZ_FMXO01000022.1	34.848	264	160	7	4	262	46538	45768	1.79e-33	134	54.17	0/-2
ParA	NZ_ATHI01000028.1	33.462	260	167	2	1	260	154187	154948	2.06e-33	133	53.08	0/2
ParA	NZ_JPIK01000020.1	33.333	258	164	3	4	259	218755	218000	2.31e-33	133	55.04	0/-1
ParA	NZ_FMXO01000011.1	34.630	257	160	3	5	259	122381	123133	2.46e-33	133	56.03	0/2
ParA	NZ_JACADJ010000026.1	32.685	257	164	2	4	260	34493	33750	3.82e-33	132	52.53	0/-2
ParA	NZ_FUYA01000007.1	34.351	262	165	3	1	261	116070	116837	8.78e-33	131	53.82	0/3
ParA	NZ_JYNO01000021.1	32.567	261	168	3	1	259	19033	19797	9.11e-33	131	55.17	0/1
ParA	NZ_FZOC01000002.1	35.907	259	160	2	1	259	616724	617482	4.17e-32	129	55.21	0/2
ParA	NZ_ATUZ01000013.1	32.061	262	171	3	1	261	420167	419400	1.10e-31	128	54.58	0/-2
ParA	NZ_JAATJA010000005.1	33.716	261	166	3	1	260	85784	85020	2.07e-30	125	52.49	0/-1
ParA	NZ_WVUD01000001.1	33.984	256	162	2	4	259	376022	376768	2.93e-30	124	51.56	0/2
ParA	NZ_WVUD01000001.1	29.545	264	152	6	6	259	28047	27328	1.25e-12	72.8	42.42	0/-2
ParA	NZ_JAEX01000006.1	36.154	260	158	3	2	259	121485	120724	5.23e-30	124	52.69	0/-1
ParA	NZ_CP010312.1	33.591	259	161	4	5	262	110844	111590	6.15e-30	123	53.67	0/3
ParA	NZ_JABFJV010000026.1	32.411	253	162	2	10	262	5922	5191	3.51e-29	121	51.38	0/-2
ParA	NZ_QMIE01000001.1	35.000	260	157	5	4	259	297025	297780	4.91e-29	120	53.85	0/1
ParA	NZ_QMIE01000001.1	33.203	256	155	5	6	260	94711	93989	7.25e-19	91.3	48.05	0/-3
ParA	NC_015388.1	37.692	260	147	5	5	260	2402926	2402180	5.16e-29	120	55.00	0/-2
ParA	NZ_RAWM01000043.1	32.411	253	162	2	10	262	1520	789	5.72e-29	120	51.38	0/-3
ParA	NZ_RAWE01000054.1	32.411	253	162	2	10	262	13293	12562	6.53e-29	120	51.38	0/-2
ParA	NZ_JAAAPK010000001.1	32.411	253	162	2	10	262	520473	521204	7.69e-29	120	51.38	0/3
ParA	NZ_RAWK01000010.1	32.411	253	162	2	10	262	47185	47916	7.99e-29	120	51.38	0/1
ParA	NZ_RAWI01000710.1	32.411	253	162	2	10	262	484	1215	9.78e-29	119	51.38	0/1
ParA	NZ_RAWG01000075.1	32.411	253	162	2	10	262	22072	22803	9.95e-29	120	51.38	0/1
ParA	NZ_RAVZ01000041.1	32.411	253	162	2	10	262	8631	9362	1.41e-28	119	51.38	0/3
ParA	NZ_RAWB01000293.1	32.411	253	162	2	10	262	12050	11319	1.45e-28	119	51.38	0/-2
ParA	NZ_BLVP01000008.1	34.100	261	165	3	1	260	717354	718118	3.77e-28	118	56.70	0/3
ParA	NZ_JABBJJ010000494.1	32.016	253	163	2	10	262	436	1167	6.17e-28	117	50.99	0/1
ParA	NZ_KN882175.1	30.153	262	176	3	1	261	512352	511585	8.37e-28	117	51.91	0/-1
ParA	NC_020129.1	34.733	262	154	6	4	262	38711	39454	8.65e-28	117	52.29	0/2
ParA	NZ_JACHGO010000005.1	32.184	261	170	3	1	260	358606	359370	8.77e-28	117	55.94	0/1
ParA	NZ_FNAJ01000001.1	31.621	253	164	2	10	262	1204005	1203274	9.94e-28	117	50.99	0/-3
ParA	NC_018026.1	34.363	259	159	7	5	260	7173	7925	1.23e-27	117	53.67	0/3
ParA	NZ_FNGU01000004.1	35.521	259	156	3	4	262	354805	354062	1.35e-27	116	50.19	0/-1
ParA	NZ_FSRG01000003.1	37.743	257	153	3	4	259	184664	185416	1.47e-27	116	54.47	0/2
ParA	NZ_JMKT01000011.1	33.835	266	163	7	1	262	234469	235239	1.64e-27	116	50.38	0/1
ParA	NZ_BBCC01000065.1	31.641	256	163	4	5	260	3527	4258	1.71e-27	116	51.17	0/2
ParA	NZ_JABBJJ010000558.1	34.231	260	161	5	2	259	2235	1480	2.19e-27	115	52.31	0/-2
ParA	NZ_RAVZ01000173.1	34.866	261	160	5	1	259	14877	14119	2.31e-27	115	50.57	0/-2
ParA	NZ_FOIB01000001.1	31.225	253	165	2	10	262	606247	606978	2.52e-27	115	50.99	0/1
ParA	NZ_KE386883.1	33.203	256	163	4	5	259	1990	2736	3.87e-27	115	50.00	0/1
ParA	NZ_KN882179.1	33.333	264	161	7	4	262	8269	7508	4.89e-27	115	51.14	0/-2
ParA	NZ_ACJN02000004.1	32.700	263	167	6	4	262	244184	243414	5.24e-27	115	51.33	0/-1
ParA	NZ_CAADHO010000002.1	37.647	255	147	5	6	260	91188	90460	5.60e-27	115	50.59	0/-2
ParA	NZ_AUEY01000114.1	32.946	258	159	6	7	259	4029	3283	6.91e-27	114	53.10	0/-3
ParA	NZ_RAWI01000392.1	34.866	261	160	6	1	259	5357	6115	7.23e-27	114	50.96	0/2
ParA	NZ_WVUD01000005.1	34.109	258	154	5	6	262	43746	43018	8.01e-27	114	47.29	0/-2
ParA	NZ_AULY01000006.1	37.743	257	153	3	4	259	589545	588793	9.54e-27	114	52.92	0/-2
ParA	NZ_FQZU01000001.1	32.540	252	158	5	8	255	87604	88335	1.33e-26	114	53.57	0/1
ParA	NZ_JXMS01000001.1	36.187	257	157	3	4	259	2752	3504	2.11e-26	113	54.09	0/1
ParA	NZ_FNLL01000022.1	31.641	256	166	2	4	259	25139	24399	3.91e-26	112	50.00	0/-1
ParA	NZ_AECZ01000001.1	33.074	257	159	4	6	262	93853	93122	3.96e-26	112	47.47	0/-1
ParA	NZ_RAWM01000041.1	33.846	260	162	5	2	259	57256	56501	4.00e-26	112	50.38	0/-2
ParA	NZ_AUEY01000063.1	30.038	263	172	6	4	262	2641	1877	4.67e-26	112	50.57	0/-2
ParA	NZ_AECZ01000012.1	34.241	257	162	2	4	260	54106	54855	5.00e-26	112	52.53	0/1
ParA	NZ_LT828542.1	31.660	259	169	5	5	260	66936	66175	5.12e-26	112	50.97	0/-3
ParA	NZ_JPMI01000167.1	30.040	253	168	2	10	262	2242	2973	7.11e-26	111	50.20	0/1
ParA	NZ_ANAH02000014.1	30.435	253	167	2	10	262	109316	110047	7.84e-26	111	50.99	0/2
ParA	NZ_JNJA01000030.1	31.660	259	166	6	5	260	11019	10267	9.29e-26	111	50.58	0/-2
ParA	NZ_JNJA01000002.1	35.019	257	160	2	4	260	154020	154769	1.01e-25	111	53.31	0/3
ParA	NZ_RAWK01000337.1	33.462	260	163	5	2	259	6594	7349	1.03e-25	111	50.77	0/3
ParA	NZ_QUMU01000004.1	30.040	253	168	2	10	262	749639	748908	1.27e-25	110	50.20	0/-1
ParA	NZ_MPIN01000015.1	30.040	253	168	2	10	262	97027	97758	1.58e-25	110	50.99	0/1
ParA	NZ_LT907976.1	36.328	256	148	7	6	259	24411	25139	1.78e-25	110	51.17	0/3
ParA	NZ_JMCB01000019.1	33.594	256	160	5	6	259	16059	15316	2.16e-25	110	51.95	0/-2
ParA	NZ_JACHEO010000011.1	33.205	259	160	5	6	260	62495	63244	2.44e-25	110	51.74	0/2
ParA	NZ_FOIJ01000018.1	31.225	253	165	2	10	262	10061	10792	3.96e-25	109	50.59	0/2
ParA	NZ_FOAP01000017.1	31.225	253	165	2	10	262	19866	20597	4.12e-25	109	50.59	0/3
ParA	NZ_BEXT01000008.1	30.000	260	169	5	5	262	3034	2288	4.49e-25	108	51.54	0/-1
ParA	NZ_FNAJ01000004.1	33.984	256	159	5	6	259	552412	551669	6.76e-25	108	50.78	0/-2
ParA	NZ_FQVB01000056.1	29.070	258	179	3	5	260	6368	7135	6.79e-25	108	50.39	0/2
ParA	NZ_JABFJV010000200.1	33.462	260	163	5	2	259	11383	10628	1.04e-24	108	50.00	0/-3
ParA	NZ_JMCB01000002.1	29.880	251	167	2	10	260	9865	10590	1.36e-24	108	49.80	0/1
ParA	NZ_AP021877.1	30.502	259	172	5	5	260	90892	91653	1.37e-24	108	50.19	0/1
ParA	NZ_QUMU01000005.1	33.074	257	162	5	6	260	406136	406882	1.83e-24	107	51.36	0/2
ParA	NZ_CAADHO010000012.1	36.719	256	144	5	5	258	8781	8062	2.20e-24	107	49.22	0/-1
ParA	NZ_BBCC01000025.1	30.502	259	172	2	2	260	42487	43239	3.16e-24	107	45.95	0/1
ParA	NZ_JPMI01000050.1	33.074	257	162	5	6	260	2472	1726	3.69e-24	106	50.97	0/-3
ParA	NZ_SOBK01000001.1	29.845	258	170	6	5	260	327646	328392	4.46e-24	106	50.78	0/1
ParA	NZ_RAWG01000173.1	33.333	261	164	5	1	259	14974	14216	6.43e-24	105	50.57	0/-3
ParA	NZ_JAAAPK010000003.1	32.308	260	166	5	2	259	450112	449357	6.82e-24	105	50.00	0/-1
ParA	NZ_JNJA01000003.1	32.685	257	155	4	6	262	20501	21217	7.29e-24	105	44.36	0/2
ParA	NZ_AUEY01000141.1	30.385	260	171	7	5	260	1301	2062	7.68e-24	105	50.77	0/2
ParA	NZ_CM001369.1	31.008	258	171	4	5	261	62016	62771	1.17e-23	105	48.84	0/3
ParA	NZ_CM001369.1	32.479	234	149	4	4	236	20911	20234	5.49e-17	85.5	46.58	0/-1
ParA	NZ_RAWE01000210.1	33.077	260	164	5	2	259	6611	7366	1.78e-23	104	50.00	0/2
ParA	NZ_FOIB01000002.1	32.031	256	164	5	6	259	611686	610943	2.23e-23	104	51.17	0/-3
ParA	NZ_AECZ01000015.1	30.769	260	165	6	5	259	64385	63636	8.10e-23	102	48.08	0/-1
ParA	NZ_AECZ01000015.1	29.278	263	174	6	5	262	60287	59520	2.77e-15	80.5	45.25	0/-1
ParA	NZ_RAWB01000157.1	33.333	258	162	6	4	259	11076	10327	5.20e-22	100	50.00	0/-1
ParA	NZ_BBCC01000353.1	27.907	258	178	5	5	259	3137	2379	8.15e-22	99.8	48.84	0/-2
ParA	NZ_VDMB01000006.1	30.952	252	162	4	8	255	50305	49574	8.45e-22	99.8	49.60	0/-2
ParA	NZ_BBCC01000006.1	31.395	258	161	6	8	259	11105	10362	3.34e-21	98.2	50.39	0/-2
ParA	NZ_RAWE01000017.1	30.000	270	171	6	4	262	76318	77106	3.63e-21	97.8	48.52	0/1
ParA	NZ_ATUG01000004.1	30.233	258	171	6	7	260	24709	23951	4.89e-21	97.4	48.45	0/-3
ParA	NZ_JNJA01000011.1	30.116	259	168	6	5	259	87444	88193	4.93e-21	97.4	48.26	0/3
ParA	NZ_JNJA01000011.1	28.897	263	175	6	5	262	86907	86140	9.48e-15	79.0	44.87	0/-1
ParA	NZ_MPIN01000025.1	28.571	259	175	3	6	262	39518	40270	5.47e-21	97.4	48.65	0/2
ParA	NZ_FQZU01000002.1	27.839	273	159	6	4	262	225327	224581	5.91e-21	97.4	45.79	0/-3
ParA	NC_012109.1	27.907	258	178	5	7	260	208	969	7.57e-21	97.1	48.45	0/1
ParA	NZ_AUBP01000042.1	33.459	266	165	8	2	262	1062	286	1.51e-20	96.3	50.75	0/-3
ParA	NZ_FUYA01000012.1	31.325	249	139	6	5	235	2416	1712	3.48e-20	95.1	46.18	0/-3
ParA	NZ_LT828576.1	30.418	263	170	6	1	260	2241	2999	5.99e-20	94.4	47.15	0/3
ParA	NZ_FWXF01000011.1	32.941	255	155	6	6	259	42181	41462	8.80e-20	94.0	47.84	0/-1
ParA	NC_013224.1	30.224	268	164	8	5	259	2844	3617	1.18e-19	93.6	49.63	0/3
ParA	NC_013224.1	64.286	42	15	0	5	46	31	156	1.59e-06	54.3	76.19	0/1
ParA	NC_013224.1	61.905	42	16	0	5	46	6990	7115	1.82e-06	53.9	73.81	0/3
ParA	NC_012797.1	30.418	263	166	6	5	260	50	808	1.60e-19	93.2	47.91	0/2
ParA	NC_012797.1	28.897	263	175	6	5	262	52748	53515	1.99e-15	80.9	45.63	0/2
ParA	NZ_CP026539.1	30.418	263	166	6	5	260	50	808	1.61e-19	93.2	47.91	0/2
ParA	NZ_CP026539.1	28.626	262	177	5	5	262	126727	127494	1.69e-15	81.3	44.66	0/1
ParA	NZ_FWXF01000053.1	27.706	231	161	4	5	232	716	33	2.43e-19	92.0	50.22	0/-2
ParA	NZ_WJIE01000003.1	31.868	273	154	9	2	262	915645	914887	5.42e-19	91.7	47.25	0/-1
ParA	NZ_VLLC01000012.1	30.556	252	163	5	8	255	53008	52277	6.83e-19	91.3	49.60	0/-2
ParA	NZ_FQVB01000007.1	31.641	256	157	6	6	259	63184	62465	9.07e-19	90.9	46.88	0/-2
ParA	NZ_RAWB01000142.1	28.621	290	170	9	4	262	8271	7420	1.10e-18	90.5	45.17	0/-2
ParA	NZ_JONL01000012.1	30.952	252	158	6	6	256	43266	42556	1.31e-18	90.5	46.03	0/-2
ParA	NZ_RJVA01000013.1	31.452	248	154	6	6	252	311589	312287	1.34e-18	90.5	48.39	0/3
ParA	NZ_WVUD01000038.1	29.811	265	167	7	5	261	24974	24213	1.78e-18	90.1	47.55	0/-1
ParA	NZ_SSMQ01000024.1	31.852	270	152	9	5	262	24950	24201	2.19e-18	89.7	47.41	0/-3
ParA	NZ_FNQN01000007.1	30.332	211	136	4	4	214	222102	221503	3.71e-18	89.0	49.76	0/-1
ParA	NZ_FQZT01000011.1	28.980	245	151	5	4	246	74059	73388	5.09e-18	88.6	47.76	0/-1
ParA	NZ_FQZT01000011.1	26.515	264	185	5	1	259	80566	79787	2.51e-13	74.7	44.32	0/-1
ParA	NC_006138.1	28.137	263	166	6	4	262	1395993	1395262	8.17e-18	88.2	44.49	0/-1
ParA	NZ_JQKJ01000003.1	28.185	259	171	4	5	260	63662	64402	8.87e-18	88.2	47.88	0/2
ParA	NC_017311.1	28.897	263	172	7	5	260	197741	198505	1.43e-17	87.4	48.67	0/2
ParA	NZ_WVUD01000082.1	31.395	258	168	4	4	260	4788	4039	3.24e-17	86.3	46.12	0/-1
ParA	NZ_FNQN01000004.1	28.352	261	155	6	4	255	192866	193579	5.67e-17	85.5	44.06	0/2
ParA	NZ_ASRX01000011.1	29.876	241	158	4	5	244	113682	114374	6.05e-17	85.5	47.72	0/3
ParA	NZ_KB893070.1	27.413	259	173	5	5	260	46509	45769	1.08e-16	84.7	49.03	0/-1
ParA	NZ_FWZU01000005.1	26.792	265	168	5	4	262	332631	331897	3.89e-16	83.2	45.28	0/-2
ParA	NZ_JNJA01000006.1	30.827	266	150	6	4	259	141555	140830	5.49e-16	82.8	42.11	0/-2
ParA	NZ_KB893024.1	29.119	261	160	7	4	259	3195	3917	8.61e-16	82.0	41.38	0/3
ParA	NZ_ATUG01000003.1	29.545	264	157	7	5	260	1168471	1167743	1.03e-15	82.0	46.21	0/-3
ParA	NZ_JACADJ010000002.1	26.667	255	178	2	5	259	29492	30229	1.12e-15	81.6	45.88	0/2
ParA	NZ_AUAR01000013.1	31.418	261	157	6	6	262	27126	26398	1.34e-15	81.6	46.74	0/-2
ParA	NZ_JACADJ010000017.1	28.467	274	149	7	4	261	20677	21405	1.37e-15	81.6	41.24	0/1
ParA	NZ_JACADJ010000084.1	32.787	183	110	3	4	178	14309	13776	2.70e-15	80.5	51.91	0/-3
ParA	NZ_APJX01000002.1	25.098	255	183	2	5	259	573309	574049	4.87e-15	79.7	43.53	0/3
ParA	NZ_JADBGG010000012.1	31.086	267	144	8	6	259	71347	72066	8.32e-15	79.3	46.82	0/1
ParA	NZ_FOTO01000005.1	31.086	267	144	8	6	259	152707	153426	8.34e-15	79.3	46.82	0/1
ParA	NZ_FORX01000019.1	30.337	267	146	7	6	259	55832	55113	9.92e-15	79.0	45.32	0/-2
ParA	NZ_FRFE01000019.1	30.292	274	145	9	4	262	77411	76683	1.78e-14	78.2	43.80	0/-1
ParA	NZ_FOIJ01000008.1	30.651	261	164	7	5	262	140692	139952	3.18e-14	77.4	46.36	0/-1
ParA	NZ_JHZB01000003.1	32.287	223	129	7	5	224	71775	72386	3.94e-14	77.0	48.88	0/3
ParA	NZ_FOAP01000001.1	30.268	261	165	7	5	262	244183	243443	4.58e-14	77.0	46.74	0/-2
ParA	NZ_RAWG01000438.1	30.000	260	165	7	6	262	6121	5384	4.82e-14	76.6	45.38	0/-1
ParA	NZ_KE150241.1	29.557	203	127	7	4	199	988	407	7.82e-14	76.3	49.75	0/-2
ParA	NZ_FQZT01000004.1	28.185	259	166	6	4	259	213017	213742	8.36e-14	76.3	43.63	0/2
ParA	NZ_FNAJ01000022.1	30.000	260	165	7	6	262	26143	25406	1.72e-13	75.1	45.00	0/-1
ParA	NZ_RAWB01000054.1	29.231	260	167	8	6	262	26603	25866	2.47e-13	74.7	45.77	0/-2
ParA	NZ_FQXS01000011.1	28.409	264	161	9	2	259	63213	62488	3.44e-13	74.3	47.35	0/-2
ParA	NZ_RAWK01000154.1	29.958	237	137	7	5	232	17763	17113	4.71e-13	73.9	45.15	0/-1
ParA	NZ_BCAG01000006.1	27.863	262	124	9	5	260	208540	209148	6.19e-13	73.6	43.13	0/1
ParA	NZ_FQZU01000046.1	32.353	238	134	7	4	233	8309	7653	6.70e-13	73.6	45.80	0/-3
ParA	NZ_AUCV01000003.1	30.455	220	137	5	5	224	151457	152068	8.38e-13	73.2	47.27	0/2
ParA	NZ_KB893123.1	28.517	263	160	7	6	261	15136	14411	9.87e-13	73.2	45.25	0/-1
ParA	NZ_FNGU01000001.1	29.302	215	138	4	2	216	470693	471295	1.44e-12	72.4	46.51	0/2
ParA	NZ_JACADJ010000010.1	29.119	261	157	7	6	259	11376	10657	2.06e-12	72.0	44.83	0/-2
ParA	NZ_JACADJ010000015.1	50.538	93	42	1	4	96	21889	22155	2.24e-12	72.0	67.74	0/1
ParA	NZ_RAWE01000157.1	28.889	270	161	8	2	261	6353	7099	2.91e-12	71.6	43.70	0/2
ParA	NZ_JAAAPK010000008.1	28.571	238	145	5	2	232	441220	441879	4.30e-12	71.2	42.86	0/1
ParA	NZ_JMCB01000025.1	29.278	263	171	7	2	262	79208	78459	4.44e-12	70.9	43.73	0/-1
ParA	NZ_RAWM01000018.1	28.879	232	140	5	2	226	3197	3838	5.54e-12	70.9	42.67	0/2
ParA	NZ_JPIK01000014.1	27.519	258	164	8	6	259	12499	11783	7.47e-12	70.5	41.86	0/-3
ParA	NZ_KE387005.1	29.070	258	161	6	5	259	151371	150655	1.07e-11	69.7	44.19	0/-1
ParA	NZ_FWXY01000027.1	29.119	261	157	7	6	259	18265	17546	1.28e-11	69.7	45.21	0/-2
ParA	NZ_APJX01000004.1	28.077	260	161	5	6	259	43712	42993	1.29e-11	69.7	41.92	0/-2
ParA	NZ_JACHEO010000015.1	28.947	266	163	9	2	262	49429	48695	1.53e-11	69.3	45.49	0/-2
ParA	NZ_QMIE01000003.1	25.781	256	176	4	6	261	147975	148700	1.56e-11	69.3	44.92	0/3
ParA	NZ_JABFJV010000015.1	28.632	234	142	5	6	232	53616	52969	2.59e-11	68.6	42.74	0/-3
ParA	NZ_JABWTG010000001.1	25.660	265	165	6	4	259	153843	154568	2.76e-11	68.6	42.26	0/3
ParA	NZ_ATUG01000001.1	27.559	254	170	4	6	259	556678	555959	2.92e-11	68.6	42.52	0/-2
ParA	NZ_AUCX01000006.1	22.814	263	181	6	4	262	129158	129892	6.55e-11	67.4	42.21	0/2
ParA	NZ_RAVZ01000778.1	51.613	62	30	0	1	62	377	192	6.55e-11	64.3	69.35	0/-3
ParA	NZ_LT828551.1	25.769	260	174	7	4	262	168606	167881	1.56e-10	66.2	45.77	0/-2
ParA	NZ_FNLL01000005.1	26.562	256	174	4	6	261	149418	148693	1.77e-10	66.2	42.58	0/-1
ParA	NZ_RAWI01000080.1	29.588	267	157	8	6	262	8156	8893	1.78e-10	66.2	44.57	0/2
ParA	NZ_LBMP01000002.1	28.287	251	166	4	6	256	382355	383065	5.35e-10	64.7	43.82	0/2
ParA	NZ_JYNO01000004.1	27.586	261	164	9	6	262	118599	119318	9.42e-10	63.9	45.21	0/3
ParA	NZ_RAVZ01000089.1	29.213	267	158	8	6	262	18597	17860	9.88e-10	63.9	44.19	0/-2
ParA	NZ_FOIB01000007.1	27.969	261	172	6	5	262	572683	573426	2.95e-09	62.4	44.44	0/1
ParA	NZ_CP045505.1	32.353	136	87	3	129	260	109	513	9.46e-09	60.8	51.47	0/1
ParA	NZ_CP045505.1	60.465	43	17	0	5	47	51477	51605	6.97e-07	55.1	74.42	0/3
ParA	NZ_RAVZ01000690.1	30.597	134	93	0	129	262	14	415	1.11e-08	60.1	48.51	0/2
ParA	NZ_FNLL01000020.1	27.461	193	119	6	4	176	14092	14667	2.31e-08	59.7	44.04	0/1
ParA	NZ_JACADJ010000053.1	25.888	197	127	4	1	179	1328	1915	3.57e-08	59.3	43.15	0/2
ParA	NZ_BBCC01000066.1	33.577	137	81	3	2	138	13081	12701	2.54e-07	56.6	48.18	0/-2
ParA	NZ_AUCU01000052.1	60.465	43	17	0	5	47	499	371	3.45e-07	56.2	72.09	0/-2
ParA	NZ_SSMQ01000088.1	27.638	199	120	5	4	178	36220	36816	4.60e-07	55.8	46.23	0/1
ParA	NZ_RAWK01000043.1	27.895	190	119	4	4	175	19697	20266	8.72e-07	55.1	41.58	0/2
ParA	NZ_RAWI01000005.1	57.778	45	19	0	4	48	39398	39532	1.12e-06	54.7	66.67	0/2
ParA	NZ_BBCB01000084.1	34.454	119	72	2	1	117	3956	3612	1.51e-06	54.3	45.38	0/-2
ParA	NZ_BCAG01000001.1	27.136	199	123	5	1	179	1016487	1015897	2.23e-06	53.5	41.71	0/-2
ParA	NZ_KB893051.1	53.488	43	20	0	4	46	35478	35606	2.57e-06	53.5	69.77	0/3
ParA	NZ_QUMU01000012.1	26.289	194	121	6	4	177	65397	65972	2.61e-06	53.5	41.24	0/3
ParA	NZ_AZAC01000083.1	48.276	58	30	0	5	62	15439	15612	2.70e-06	53.5	62.07	0/1
ParA	NZ_WAIE01000001.1	55.814	43	19	0	6	48	1039084	1038956	2.79e-06	53.5	74.42	0/-3
ParA	NZ_KN882170.1	62.791	43	16	0	6	48	149990	150118	4.21e-06	52.8	67.44	0/2
ParA	NZ_JQKJ01000008.1	51.163	43	21	0	4	46	25961	25833	5.02e-06	52.8	69.77	0/-3
ParA	NZ_WVUD01000066.1	59.524	42	17	0	5	46	9350	9475	5.76e-06	52.4	76.19	0/2
ParA	NZ_SSMQ01000012.1	28.351	194	120	4	4	179	49651	49073	7.07e-06	52.0	42.27	0/-3
ParA	NZ_ASRX01000039.1	53.659	41	19	0	5	45	117553	117431	1.11e-05	51.6	73.17	0/-1
ParA	NZ_BLXY01000008.1	58.974	39	16	0	4	42	136684	136568	1.20e-05	51.6	82.05	0/-1
ParA	NZ_LT828574.1	21.030	233	174	6	32	261	4837	4160	1.53e-05	51.2	45.92	0/-1
ParA	NZ_CP040098.1	30.500	200	123	6	4	187	2131096	2131695	1.89e-05	50.8	42.50	0/1
ParA	NZ_VLLC01000026.1	47.826	46	24	0	2	47	4841	4704	2.61e-05	50.4	69.57	0/-2
ParA	NZ_PVNL01000035.1	46.296	54	28	1	5	58	38794	38952	2.90e-05	50.1	62.96	0/1
ParA	NZ_PVNL01000071.1	27.179	195	125	5	4	181	4747	4163	7.19e-05	48.9	41.54	0/-3
ParA	NZ_MAGO01000002.1	51.111	45	21	1	4	47	48524	48390	8.17e-05	48.9	64.44	0/-3
ParA	NZ_VDMB01000009.1	25.758	198	126	5	1	179	96448	95861	9.24e-05	48.5	41.92	0/-1
ParA	NC_010815.1	51.163	43	21	0	5	47	41004	40876	9.30e-05	48.5	69.77	0/-2


