# tblastn
# Iteration: 0
# Query: ParA
# RID: 7VRJTF5Y013
# Database: ref_prok_rep_genomes
# Fields: query acc.ver, subject acc.ver, % identity, alignment length, mismatches, gap opens, q. start, q. end, s. start, s. end, evalue, bit score, % positives, query/sbjct frames
# 493 hits found
ParA	NC_015500.1	49.807	259	119	3	4	262	443126	442383	1.28e-71	242	67.57	0/-1
ParA	NZ_MWQY01000012.1	50.965	259	116	3	4	262	28408	27665	1.81e-70	239	67.18	0/-2
ParA	NC_014330.1	49.035	259	123	2	4	262	2508076	2507327	1.75e-69	236	67.95	0/-2
ParA	NZ_FUXC01000005.1	49.035	259	121	3	4	262	128260	129003	1.85e-69	236	67.57	0/1
ParA	NZ_KI912403.1	48.649	259	124	2	4	262	290111	290860	5.62e-68	232	68.73	0/2
ParA	NC_014364.1	49.237	262	122	3	1	262	4646489	4645737	6.25e-68	232	64.12	0/-3
ParA	NZ_CP019914.1	49.035	259	123	2	4	262	843525	844274	9.19e-68	231	68.73	0/3
ParA	NZ_RQHW01000013.1	46.693	257	128	2	4	260	51876	51133	1.24e-67	231	68.87	0/-3
ParA	NZ_KI260561.1	48.649	259	122	3	4	262	6364	5621	1.52e-67	231	66.41	0/-1
ParA	NZ_JQGW01000148.1	48.047	256	124	2	4	259	5227	4487	2.06e-67	230	69.14	0/-2
ParA	NZ_UFQO01000002.1	47.490	259	125	3	4	262	478260	479003	2.53e-67	230	66.80	0/3
ParA	NZ_KB899423.1	49.237	262	122	3	1	262	12561	11809	2.61e-67	230	64.12	0/-1
ParA	NZ_CVLB01000001.1	47.876	259	126	2	4	262	2085545	2086294	3.04e-67	230	68.34	0/2
ParA	NZ_ARQI01000117.1	48.263	259	125	2	4	262	31438	32187	4.69e-67	229	68.73	0/1
ParA	NC_017243.1	47.876	259	126	2	4	262	2416028	2416777	5.21e-67	229	68.34	0/2
ParA	NZ_BFBA01000013.1	47.082	257	127	2	4	260	423819	423076	5.73e-67	229	68.09	0/-2
ParA	NZ_RQHO01000002.1	47.490	259	127	2	4	262	1262082	1261333	6.08e-67	229	67.95	0/-3
ParA	NZ_RQHO01000002.1	27.684	177	117	5	5	178	1391584	1392090	7.64e-10	63.2	45.20	0/1
ParA	NZ_RQGR01000029.1	47.104	259	128	2	4	262	1073386	1074135	7.16e-67	229	67.95	0/1
ParA	NZ_LZON01000041.1	47.876	259	126	2	4	262	18635	19384	7.37e-67	229	68.73	0/2
ParA	NC_014150.1	48.638	257	123	2	4	260	680971	681714	7.59e-67	229	68.87	0/1
ParA	NZ_RQHV01000042.1	47.082	257	127	2	4	260	129035	128292	7.87e-67	229	68.09	0/-1
ParA	NZ_RQHF01000028.1	47.490	259	127	2	4	262	535376	536125	7.96e-67	229	67.95	0/2
ParA	NZ_BFAZ01000009.1	47.490	259	127	2	4	262	1114608	1115357	8.04e-67	229	67.95	0/3
ParA	NZ_BFAZ01000009.1	27.684	177	117	5	5	178	986587	986081	8.29e-10	63.2	45.20	0/-3
ParA	NZ_CP040840.1	47.656	256	125	2	4	259	3953270	3952530	8.85e-67	228	69.14	0/-3
ParA	NZ_CP040840.1	30.943	265	163	5	4	260	3732373	3733131	8.89e-27	113	51.70	0/1
ParA	NZ_NPDX01000005.1	47.104	259	128	2	4	262	74669	73920	1.17e-66	228	68.34	0/-1
ParA	NZ_RQFW01000012.1	47.104	259	128	2	4	262	220083	219334	1.17e-66	228	68.34	0/-3
ParA	NZ_RQFW01000012.1	30.435	184	103	5	5	178	350987	351493	3.30e-11	67.4	42.93	0/2
ParA	NZ_RQFO01000016.1	47.104	259	128	2	4	262	757150	756401	1.17e-66	228	68.34	0/-2
ParA	NZ_RQHK01000017.1	47.104	259	128	2	4	262	480983	480234	1.17e-66	228	68.34	0/-2
ParA	NZ_RQFK01000026.1	47.104	259	128	2	4	262	675880	675131	1.17e-66	228	68.34	0/-1
ParA	NZ_KE332518.1	48.649	259	122	3	4	262	2275039	2275782	1.19e-66	228	66.02	0/1
ParA	NZ_AOGW02000006.1	47.490	259	127	2	4	262	439000	439749	1.46e-66	228	67.95	0/1
ParA	NZ_AOGZ02000014.1	47.490	259	127	2	4	262	1887628	1888377	1.46e-66	228	67.95	0/1
ParA	NZ_RQHU01000005.1	46.718	259	129	2	4	262	903400	904149	1.70e-66	228	68.34	0/1
ParA	NZ_RQHU01000005.1	29.947	187	100	5	5	178	774878	774372	1.43e-10	65.5	41.71	0/-1
ParA	NZ_RQGG01000036.1	46.718	259	129	2	4	262	126869	127618	1.82e-66	228	67.95	0/2
ParA	NZ_RQFG01000005.1	47.104	259	128	2	4	262	1221717	1222466	1.84e-66	228	68.34	0/3
ParA	NZ_RQHA01000004.1	47.104	259	128	2	4	262	658370	657621	1.90e-66	228	67.95	0/-1
ParA	NZ_RQFU01000005.1	46.718	259	129	2	4	262	339625	338876	2.11e-66	228	67.95	0/-1
ParA	NZ_RQGQ01000017.1	47.104	259	128	2	4	262	468183	468932	2.32e-66	227	67.95	0/3
ParA	NZ_RQGA01000003.1	47.104	259	128	2	4	262	118599	117850	2.92e-66	227	67.95	0/-1
ParA	NZ_RQFP01000001.1	47.104	259	128	2	4	262	1297552	1296803	2.93e-66	227	67.95	0/-1
ParA	NZ_CP009228.1	46.718	259	127	3	4	262	585628	586371	3.16e-66	227	63.32	0/1
ParA	NZ_FORI01000006.1	48.263	259	123	3	4	262	181364	182107	3.54e-66	227	65.25	0/2
ParA	NZ_RQFD01000013.1	46.718	259	129	2	4	262	111408	112157	3.93e-66	227	67.95	0/3
ParA	NZ_APGN01000154.1	48.047	256	124	2	4	259	34114	34854	3.94e-66	226	69.14	0/1
ParA	NZ_CP030142.1	47.656	256	125	2	4	259	1175292	1176032	3.98e-66	226	68.75	0/3
ParA	NZ_CP030142.1	31.203	266	161	5	4	260	1439031	1438273	1.14e-27	115	51.13	0/-3
ParA	NZ_RQGD01000005.1	46.693	257	128	2	4	260	120297	119554	4.24e-66	226	68.87	0/-2
ParA	NZ_CP020414.2	47.656	256	125	2	4	259	2277200	2276460	4.39e-66	226	69.14	0/-1
ParA	NZ_CP020414.2	30.682	264	165	4	4	260	2539768	2539010	2.02e-28	118	53.41	0/-2
ParA	NZ_RQGL01000024.1	47.656	256	125	2	4	259	348827	349567	4.51e-66	226	68.75	0/2
ParA	NZ_QHCU01000002.1	47.656	256	125	2	4	259	96315	95575	4.51e-66	226	68.75	0/-1
ParA	NZ_CP033614.1	47.656	256	125	2	4	259	2310613	2309873	4.51e-66	226	68.75	0/-3
ParA	NZ_CP033614.1	29.924	264	167	4	4	260	2095482	2094724	1.97e-26	112	51.14	0/-1
ParA	NZ_AKWY02000001.1	47.266	256	126	2	4	259	34662	33922	5.01e-66	226	69.53	0/-2
ParA	NZ_AKWY02000001.1	30.769	260	170	3	4	260	289518	288760	8.91e-29	119	53.08	0/-2
ParA	NZ_QHCT01000001.1	48.047	256	124	2	4	259	594442	595182	5.16e-66	226	68.75	0/1
ParA	NZ_QHCT01000001.1	31.439	264	163	4	4	260	827242	828000	3.65e-29	120	52.27	0/1
ParA	NZ_NPEC01000008.1	47.104	259	128	2	4	262	48986	49735	5.61e-66	226	67.95	0/2
ParA	NZ_CP026671.1	47.656	256	125	2	4	259	3659288	3658548	6.20e-66	226	68.75	0/-3
ParA	NZ_CP026671.1	30.712	267	161	5	4	260	3402900	3403658	8.24e-27	113	50.94	0/3
ParA	NZ_RQEQ01000073.1	47.656	256	125	2	4	259	390364	391104	8.20e-66	226	68.75	0/1
ParA	NZ_NPDV01000003.1	47.656	256	125	2	4	259	31395	32135	8.68e-66	226	68.75	0/3
ParA	NZ_NPDV01000003.1	31.061	264	164	4	4	260	265741	266499	2.59e-28	117	52.27	0/1
ParA	NZ_NPDS01000007.1	47.656	256	125	2	4	259	189577	188837	9.37e-66	226	68.36	0/-1
ParA	NZ_NPEF01000046.1	47.656	256	125	2	4	259	9864	10604	1.01e-65	225	68.75	0/3
ParA	NZ_JQRS01000002.1	47.266	256	126	2	4	259	191732	192472	1.23e-65	225	68.75	0/2
ParA	NZ_JH597773.1	46.718	259	129	2	4	262	3650611	3651360	1.67e-65	225	66.80	0/1
ParA	NZ_JH597773.1	31.641	256	162	3	5	260	2210405	2209677	2.92e-24	105	51.56	0/-2
ParA	NZ_JH597773.1	27.692	260	153	8	2	231	4076557	4075793	5.10e-16	81.6	48.08	0/-3
ParA	NZ_RQFA01000080.1	47.656	256	125	2	4	259	116874	116134	1.77e-65	225	68.75	0/-2
ParA	NC_015385.1	47.490	259	125	3	4	262	2200786	2200043	1.93e-65	224	65.64	0/-2
ParA	NC_015385.1	27.326	172	110	2	5	175	1842539	1843012	4.44e-06	51.6	42.44	0/2
ParA	NZ_AHMN02000022.1	47.266	256	126	2	4	259	146663	147403	2.04e-65	224	68.75	0/2
ParA	NZ_FOKY01000001.1	46.332	259	130	2	4	262	334138	333389	2.39e-65	224	64.86	0/-2
ParA	NZ_CP015217.1	47.656	256	125	2	4	259	4095947	4095207	2.76e-65	224	68.75	0/-3
ParA	NZ_CP015217.1	31.061	264	164	4	4	260	3868679	3867921	6.45e-28	116	52.65	0/-3
ParA	NZ_FUWG01000006.1	47.490	259	125	3	4	262	39824	40567	6.12e-65	223	64.48	0/2
ParA	NZ_BFBB01000008.1	47.490	259	127	3	4	262	410079	410828	7.38e-65	223	67.57	0/3
ParA	NZ_RQER01000004.1	46.875	256	127	2	4	259	753936	754676	1.32e-64	222	68.75	0/3
ParA	NZ_RQEP01000005.1	46.484	256	128	2	4	259	704578	705318	1.54e-64	222	68.75	0/1
ParA	NZ_RQEP01000005.1	34.749	259	154	7	4	260	925714	926451	1.06e-28	119	53.28	0/1
ParA	NZ_AKWZ02000010.1	48.047	256	124	2	4	259	1060421	1061161	1.76e-64	222	67.97	0/2
ParA	NZ_AKWZ02000010.1	31.250	256	165	3	4	259	1275074	1275808	4.86e-24	105	51.17	0/2
ParA	NC_022097.1	47.082	257	125	3	4	260	1126201	1125464	1.83e-64	222	63.42	0/-1
ParA	NZ_RQFH01000003.1	46.693	257	128	2	4	260	419818	419075	2.15e-64	222	68.48	0/-1
ParA	NZ_RQFH01000003.1	30.620	258	162	4	6	260	157043	156312	2.27e-26	112	49.61	0/-3
ParA	NZ_NPEI01000001.1	46.875	256	127	2	4	259	640056	639316	3.16e-64	221	68.36	0/-3
ParA	NZ_NPEI01000001.1	33.721	258	156	7	4	259	397334	396600	9.71e-26	110	51.94	0/-1
ParA	NZ_WESA01000036.1	47.308	260	124	4	4	262	28138	27395	3.22e-64	221	66.15	0/-3
ParA	NZ_NPEA01000003.1	46.875	256	127	2	4	259	374372	375112	3.25e-64	221	68.36	0/2
ParA	NZ_NPDN01000001.1	46.875	256	127	2	4	259	195910	196650	3.35e-64	221	68.75	0/1
ParA	NZ_NPDN01000001.1	32.946	258	158	7	4	259	429201	429935	4.91e-25	108	52.33	0/3
ParA	NC_002967.9	45.560	259	130	3	4	262	644964	644221	3.87e-64	221	62.93	0/-3
ParA	NZ_NPDZ01000001.1	46.332	259	130	2	4	262	157765	158514	4.52e-64	221	68.73	0/1
ParA	NZ_NPDZ01000001.1	32.558	258	163	3	4	261	369567	370307	5.88e-25	107	52.33	0/3
ParA	NC_015578.1	46.332	259	128	3	4	262	1423748	1424491	5.22e-64	221	64.86	0/2
ParA	NZ_RQEY01000019.1	46.875	256	127	2	4	259	440771	440031	5.48e-64	221	68.36	0/-1
ParA	NZ_RQEY01000019.1	32.946	258	158	7	4	259	205269	204535	8.19e-25	107	51.94	0/-3
ParA	NZ_RQHS01000019.1	46.875	256	127	2	4	259	528440	529180	5.48e-64	221	68.36	0/2
ParA	NZ_NFUQ01000001.1	46.875	256	127	2	4	259	808589	809329	5.48e-64	221	68.36	0/2
ParA	NZ_NFUQ01000001.1	33.333	258	157	7	4	259	1047896	1048630	1.94e-25	109	54.26	0/2
ParA	NZ_RQGV01000005.1	46.875	256	127	2	4	259	987698	986958	5.48e-64	221	68.36	0/-3
ParA	NZ_RQGV01000005.1	34.496	258	154	7	4	259	746369	745635	1.39e-26	112	52.33	0/-3
ParA	NZ_BFAY01000011.1	46.875	256	127	2	4	259	1032874	1032134	5.86e-64	220	68.36	0/-1
ParA	NZ_BFAY01000011.1	34.109	258	155	7	4	259	795248	794514	2.01e-26	112	51.94	0/-3
ParA	NC_015577.1	45.560	259	132	2	4	262	777081	776332	5.92e-64	220	63.32	0/-3
ParA	NC_015577.1	33.906	233	134	8	4	232	2112798	2112148	1.72e-21	97.8	54.08	0/-3
ParA	NZ_RQFY01000004.1	46.875	256	127	2	4	259	782959	783699	6.15e-64	220	68.36	0/1
ParA	NZ_RQFY01000004.1	33.721	258	156	7	4	259	1028825	1029559	3.87e-26	111	52.33	0/2
ParA	NC_016842.1	47.104	259	125	3	4	262	289988	289248	8.37e-64	220	63.71	0/-1
ParA	NZ_CP042818.1	46.332	259	128	3	4	262	1931775	1932518	8.70e-64	220	64.09	0/3
ParA	NZ_SJDU01000003.1	45.946	259	131	3	4	262	2916	3665	8.76e-64	220	67.57	0/3
ParA	NZ_RQEV01000003.1	46.875	256	127	2	4	259	555480	554740	1.02e-63	219	67.58	0/-1
ParA	NZ_RQEV01000003.1	31.250	256	165	3	4	259	363435	362701	7.37e-26	110	52.34	0/-1
ParA	NZ_AHMO02000008.1	47.656	256	125	2	4	259	1454861	1455601	1.03e-63	219	67.58	0/2
ParA	NZ_AHMO02000008.1	31.641	256	164	3	4	259	1662067	1662801	4.86e-26	111	51.95	0/1
ParA	NC_015714.1	47.104	259	125	3	4	262	287784	287044	1.13e-63	219	63.71	0/-3
ParA	NZ_RQET01000004.1	46.484	256	128	2	4	259	455480	456220	1.34e-63	219	67.58	0/2
ParA	NZ_RQET01000004.1	30.859	256	166	3	4	259	647783	648517	3.21e-25	108	51.56	0/2
ParA	NZ_AHOM02000004.1	46.484	256	128	2	4	259	895573	894833	1.58e-63	219	67.97	0/-2
ParA	NZ_MCRM02000007.1	47.656	256	125	2	4	259	29432	28692	1.64e-63	219	67.58	0/-1
ParA	NC_017583.1	48.450	258	122	3	5	262	2553999	2553259	2.13e-63	219	64.73	0/-2
ParA	NC_017583.1	34.194	155	92	4	4	158	2484308	2484742	1.64e-09	62.0	49.03	0/2
ParA	NC_017583.1	53.333	45	21	0	1	45	61915	62049	4.94e-05	48.5	62.22	0/1
ParA	NZ_JACHFR010000005.1	45.174	259	131	3	4	262	67689	68432	2.20e-63	219	64.48	0/3
ParA	NZ_RQGF01000015.1	46.875	256	127	2	4	259	200425	199685	2.25e-63	219	67.97	0/-1
ParA	NZ_NPDR01000001.1	46.484	256	128	2	4	259	423942	424682	3.19e-63	218	67.97	0/3
ParA	NZ_NPDR01000001.1	33.721	258	156	7	4	259	653574	654308	1.24e-26	112	52.33	0/3
ParA	NC_015732.1	45.560	259	130	3	4	262	3143974	3144717	6.52e-63	217	65.25	0/1
ParA	NZ_SAYK01000005.1	47.266	256	126	2	4	259	201422	200682	7.09e-63	217	66.02	0/-1
ParA	NC_018020.1	47.104	259	127	3	4	262	4182966	4182220	2.01e-62	216	66.02	0/-2
ParA	NC_018020.1	31.395	258	163	5	5	259	1951610	1952350	9.04e-23	101	52.71	0/2
ParA	NC_017098.1	48.249	257	122	3	6	262	3279386	3278649	3.13e-62	215	62.26	0/-2
ParA	NZ_AUFW01000021.1	45.736	258	129	3	4	261	17648	16908	3.88e-62	215	66.28	0/-1
ParA	NZ_KE332512.1	45.946	259	129	3	4	262	652437	651694	5.86e-62	214	63.32	0/-1
ParA	NZ_KE332517.1	45.560	259	130	3	4	262	296039	295296	5.86e-62	214	63.32	0/-3
ParA	NZ_JNUP01000064.1	46.304	257	127	3	6	262	134131	133394	1.01e-61	214	64.20	0/-3
ParA	NZ_JPUF01000034.1	42.697	267	138	3	4	262	40799	40020	1.98e-61	213	62.55	0/-3
ParA	NZ_FTMS01000004.1	46.512	258	127	3	5	262	128671	129411	4.05e-61	212	63.18	0/1
ParA	NZ_AVQI01000031.1	45.174	259	131	3	4	262	12621	11878	4.48e-61	212	64.48	0/-2
ParA	NC_016633.1	45.802	262	131	4	1	262	2123398	2124150	9.76e-61	211	62.60	0/1
ParA	NC_016633.1	27.027	259	155	6	4	251	766284	765577	3.97e-09	60.8	41.70	0/-1
ParA	NZ_LPWH01000003.1	46.124	258	128	4	5	262	80586	81326	4.16e-60	209	64.73	0/3
ParA	NZ_KB891725.1	46.124	258	128	4	5	262	55342	56082	4.17e-60	209	64.73	0/1
ParA	NC_015436.1	46.183	262	130	3	1	262	2220967	2220215	7.31e-60	209	62.60	0/-3
ParA	NC_015436.1	30.303	198	125	4	4	199	874728	874168	1.57e-07	56.2	43.43	0/-1
ParA	NZ_AGRW01000052.1	45.560	259	129	4	4	262	28630	29370	7.64e-60	209	65.25	0/1
ParA	NZ_JACHGJ010000011.1	42.586	263	136	5	4	262	32963	32208	8.08e-60	208	65.02	0/-3
ParA	NZ_JACHFQ010000012.1	42.424	264	136	4	4	262	21700	22458	1.99e-59	207	62.50	0/1
ParA	NC_023035.1	44.615	260	131	4	4	262	3775191	3774448	4.42e-59	206	65.00	0/-3
ParA	NC_023035.1	24.815	270	171	6	1	262	2554252	2553515	8.66e-11	65.9	42.59	0/-2
ParA	NZ_CP036150.1	44.737	266	128	7	4	262	3111309	3110548	1.24e-58	205	63.91	0/-1
ParA	NC_015152.1	43.511	262	137	3	1	262	3310842	3310090	6.75e-58	203	62.21	0/-3
ParA	NZ_WUJG01000012.1	44.275	262	135	3	1	262	49558	50310	1.23e-55	196	62.60	0/1
ParA	NZ_CP035807.1	40.304	263	142	5	4	262	1921003	1921758	3.38e-52	186	61.22	0/1
ParA	NZ_KI912384.1	36.680	259	151	3	4	262	119117	118380	2.57e-44	164	59.46	0/-1
ParA	NZ_ABCW02000003.1	37.452	259	149	4	4	262	277957	278694	7.05e-44	162	59.46	0/1
ParA	NZ_AYOT01000223.1	37.838	259	148	3	4	262	2477	1740	8.78e-44	162	59.46	0/-3
ParA	NZ_ABCY02000001.1	36.293	259	152	3	4	262	450677	451414	2.32e-43	161	59.07	0/2
ParA	NZ_ABKB02000009.1	35.907	259	153	3	4	262	185965	185228	4.27e-43	160	58.69	0/-3
ParA	NZ_JACHFG010000001.1	36.293	259	152	3	4	262	8982	9719	5.13e-43	160	59.07	0/3
ParA	NC_008277.1	36.576	257	150	3	4	260	453281	454012	6.47e-43	160	58.75	0/2
ParA	NZ_FMTE01000002.1	36.293	259	152	3	4	262	453440	452703	8.87e-43	159	58.69	0/-3
ParA	NZ_JACHFC010000001.1	36.293	259	152	3	4	262	458375	457638	1.03e-42	159	58.69	0/-3
ParA	NC_017717.1	36.293	259	152	3	4	262	451844	452581	1.25e-42	159	59.07	0/2
ParA	NZ_CP015796.1	35.907	259	153	3	4	262	450727	451464	1.29e-42	159	59.07	0/1
ParA	NZ_JACFAX010000001.1	35.907	259	153	3	4	262	448608	449345	1.45e-42	159	58.69	0/3
ParA	NC_015921.1	36.293	259	152	3	4	262	448243	448980	1.70e-42	159	58.69	0/1
ParA	NZ_ABJZ02000005.1	36.293	259	152	4	4	262	444225	444962	3.46e-42	157	59.85	0/3
ParA	NZ_JACHFB010000001.1	36.293	259	152	3	4	262	9768	10505	3.70e-42	157	58.30	0/3
ParA	NZ_QBLM01000001.1	35.521	259	154	3	4	262	486654	485917	1.82e-41	155	58.69	0/-1
ParA	NZ_QBLM01000001.1	34.270	178	103	7	5	179	14192	13692	1.04e-11	68.9	52.25	0/-2
ParA	NZ_CP024333.1	36.680	259	151	3	4	262	457776	457039	1.25e-40	153	58.30	0/-1
ParA	NC_008710.1	35.878	262	155	3	1	262	450681	451427	1.76e-40	153	58.40	0/3
ParA	NZ_AYOU01000163.1	36.434	258	151	3	5	262	72688	71954	2.59e-40	152	59.30	0/-3
ParA	NZ_CP007022.1	35.115	262	157	3	1	262	450565	451311	9.08e-40	150	58.40	0/1
ParA	NZ_CP044535.1	35.458	251	149	3	6	256	447855	448568	1.04e-39	150	58.57	0/3
ParA	NZ_CP011060.1	36.293	259	152	3	4	262	453256	453993	4.63e-39	149	57.92	0/1
ParA	NZ_LN609267.1	36.047	258	152	3	5	262	453739	454473	7.84e-39	148	58.53	0/1
ParA	NC_011229.1	36.047	258	152	3	5	262	461317	462051	2.75e-38	146	58.14	0/1
ParA	NZ_CP028884.1	36.293	259	150	4	4	260	467206	467943	1.10e-37	145	58.30	0/1
ParA	NZ_CP013704.1	35.573	253	150	3	4	256	444413	445132	1.07e-36	142	57.71	0/2
ParA	NC_018021.1	35.798	257	150	6	5	260	7548	8276	5.95e-32	128	53.70	0/3
ParA	NZ_NPDV01000010.1	33.333	258	155	6	5	260	81132	80404	2.68e-30	123	54.26	0/-3
ParA	NZ_NPDV01000010.1	33.585	265	145	10	5	262	57505	56783	2.23e-22	100	52.45	0/-2
ParA	NZ_RQEQ01000027.1	32.946	258	156	6	5	260	240404	241132	3.47e-30	123	54.26	0/2
ParA	NZ_RQEQ01000027.1	34.340	265	143	10	5	262	264812	265534	3.98e-24	105	52.45	0/2
ParA	NZ_QHCT01000004.1	32.946	258	156	6	5	260	253264	253992	3.47e-30	123	54.26	0/1
ParA	NZ_QHCT01000004.1	34.340	265	143	10	5	262	277617	278339	1.33e-24	107	53.21	0/3
ParA	NZ_QHCT01000004.1	48.889	45	23	0	1	45	427251	427385	2.51e-05	49.3	64.44	0/3
ParA	NZ_CP015218.1	33.333	258	155	6	5	260	205	933	4.49e-30	122	53.88	0/1
ParA	NZ_CP015218.1	34.340	265	143	10	5	262	23267	23989	1.88e-24	106	53.96	0/2
ParA	NZ_JH597775.1	34.375	256	152	6	6	260	117713	118435	1.06e-29	121	51.56	0/2
ParA	NZ_RQEP01000012.1	33.463	257	156	6	5	260	74277	75005	1.39e-29	121	54.86	0/3
ParA	NZ_RQEP01000012.1	32.692	260	155	8	5	262	97438	98163	1.94e-25	109	53.85	0/1
ParA	NZ_CP020413.2	32.946	258	156	6	5	260	293241	293969	1.67e-29	121	53.49	0/3
ParA	NZ_CP020413.2	33.460	263	148	10	5	262	317221	317943	5.97e-22	99.4	54.37	0/1
ParA	NZ_RQFA01000010.1	32.946	258	156	6	5	260	86985	87713	2.08e-29	120	53.49	0/3
ParA	NZ_RQFA01000010.1	34.717	265	142	10	5	262	110149	110871	1.16e-23	104	53.21	0/1
ParA	NZ_NPEF01000027.1	32.946	258	156	6	5	260	3438	4166	2.32e-29	120	53.88	0/3
ParA	NZ_AHMN02000007.1	32.946	258	156	6	5	260	282065	281337	2.49e-29	120	53.49	0/-2
ParA	NZ_AHMN02000007.1	32.700	263	150	10	5	262	257168	256446	8.60e-21	95.9	54.75	0/-2
ParA	NZ_RQEQ01000010.1	31.439	264	163	4	4	260	13070	13828	2.82e-29	120	52.27	0/2
ParA	NZ_AHMN02000005.1	30.798	263	166	4	4	260	556773	557531	2.96e-29	120	53.61	0/3
ParA	NZ_AKWY02000020.1	32.946	258	156	6	5	260	211157	211885	3.82e-29	120	53.10	0/2
ParA	NZ_AKWY02000020.1	34.221	263	146	10	5	262	235812	236534	5.42e-23	102	55.13	0/3
ParA	NZ_RQER01000005.1	33.463	257	156	6	5	260	19623	18895	4.94e-29	119	54.47	0/-3
ParA	NZ_RQER01000005.1	32.692	260	155	8	5	262	286968	286243	2.30e-25	109	53.85	0/-3
ParA	NZ_NPDS01000013.1	32.558	258	157	6	5	260	7434	6706	5.54e-29	119	53.10	0/-1
ParA	NZ_RQGL01000011.1	32.558	258	157	6	5	260	378893	378165	7.16e-29	119	53.10	0/-1
ParA	NZ_RQGL01000011.1	32.453	265	148	10	5	262	356289	355567	4.24e-21	96.7	53.58	0/-3
ParA	NZ_RQGD01000014.1	31.641	256	162	4	6	261	113881	113153	9.34e-29	119	53.12	0/-1
ParA	NZ_RQGD01000014.1	33.476	233	130	9	5	232	88450	87812	1.22e-19	92.4	54.94	0/-1
ParA	NZ_QHCU01000006.1	32.308	260	159	6	5	262	271064	271798	9.90e-29	119	52.69	0/2
ParA	NZ_QHCU01000006.1	32.453	265	148	10	5	262	293637	294359	5.22e-21	96.3	53.58	0/3
ParA	NZ_BFBB01000009.1	32.031	256	161	4	6	261	141913	141185	1.01e-28	119	52.34	0/-3
ParA	NZ_BFBB01000009.1	31.274	259	153	9	5	259	115349	114636	3.15e-20	94.0	53.67	0/-2
ParA	NZ_JQRS01000074.1	32.171	258	158	6	5	260	35524	34796	1.08e-28	119	53.10	0/-3
ParA	NZ_JQRS01000074.1	32.830	265	147	10	5	262	13055	12333	1.65e-20	95.1	53.21	0/-2
ParA	NZ_NFUQ01000006.1	33.852	257	155	6	5	260	257938	257210	1.09e-28	119	53.70	0/-3
ParA	NZ_NFUQ01000006.1	32.558	258	158	7	5	262	233692	232967	2.54e-23	103	53.10	0/-3
ParA	NZ_RQGF01000035.1	33.463	257	156	6	5	260	249008	248280	1.42e-28	118	54.09	0/-1
ParA	NZ_RQGF01000035.1	33.077	260	154	8	5	262	223724	222999	2.53e-25	108	53.85	0/-1
ParA	NZ_CP033615.1	32.558	258	157	6	5	260	258863	258135	1.49e-28	118	53.10	0/-3
ParA	NZ_CP033615.1	33.208	265	146	10	5	262	235689	234967	3.05e-22	100	53.96	0/-2
ParA	NZ_CP040841.1	32.171	258	158	6	5	260	7	735	1.50e-28	118	53.10	0/1
ParA	NZ_CP040841.1	33.585	265	145	10	5	262	22666	23388	1.39e-21	98.2	53.58	0/1
ParA	NZ_APGN01000132.1	32.171	258	158	6	5	260	36597	37325	1.59e-28	118	53.10	0/3
ParA	NZ_NPEA01000007.1	33.463	257	156	6	5	260	244275	243547	1.64e-28	118	54.09	0/-1
ParA	NZ_NPEA01000007.1	31.923	260	157	8	5	262	219334	218609	2.52e-23	103	53.46	0/-3
ParA	NZ_CP026672.1	32.171	258	158	6	5	260	852	124	1.80e-28	118	53.10	0/-1
ParA	NZ_CP026672.1	33.585	265	145	10	5	262	300889	300167	1.85e-21	97.8	53.58	0/-3
ParA	NZ_AHOM02000001.1	33.463	257	156	6	5	260	100948	101676	1.82e-28	118	53.70	0/1
ParA	NZ_AHOM02000001.1	32.308	260	156	8	5	262	125180	125905	2.45e-23	103	53.08	0/2
ParA	NZ_CP030143.1	32.171	258	158	6	5	260	253409	252681	2.08e-28	118	53.10	0/-3
ParA	NZ_CP030143.1	33.208	265	146	10	5	262	231010	230288	2.43e-21	97.4	53.58	0/-1
ParA	NZ_RQFH01000009.1	33.852	257	155	6	5	260	91744	92472	2.26e-28	117	53.31	0/1
ParA	NZ_RQFH01000009.1	33.588	262	150	8	5	262	114947	115672	2.48e-24	106	53.44	0/2
ParA	NZ_JQGW01000013.1	32.171	258	158	6	5	260	53886	53158	2.59e-28	117	53.10	0/-3
ParA	NZ_JQGW01000013.1	33.208	265	146	10	5	262	31176	30454	5.32e-21	96.3	53.58	0/-3
ParA	NZ_BFAY01000012.1	33.463	257	156	6	5	260	69390	70118	2.66e-28	117	53.70	0/3
ParA	NZ_BFAY01000012.1	32.308	260	156	8	5	262	93708	94433	1.35e-23	103	53.46	0/3
ParA	NZ_RQHS01000012.1	33.463	257	156	6	5	260	254168	253440	2.66e-28	117	53.70	0/-1
ParA	NZ_RQHS01000012.1	32.308	260	156	8	5	262	229133	228408	2.40e-23	103	53.08	0/-1
ParA	NZ_RQGV01000012.1	33.463	257	156	6	5	260	73308	74036	2.74e-28	117	53.70	0/3
ParA	NZ_RQGV01000012.1	32.308	260	156	8	5	262	98384	99109	5.31e-23	102	53.08	0/2
ParA	NZ_NPDX01000006.1	31.765	255	161	4	6	260	116515	117240	2.84e-28	117	53.73	0/1
ParA	NZ_NPDX01000006.1	34.052	232	130	8	5	232	143050	143688	7.46e-21	95.9	54.31	0/1
ParA	NZ_RQHW01000028.1	31.250	256	163	4	6	261	219248	218520	2.95e-28	117	52.73	0/-2
ParA	NZ_RQHW01000028.1	32.759	232	133	8	5	232	192419	191781	1.17e-20	95.5	56.03	0/-2
ParA	NZ_NPEI01000004.1	33.463	257	156	6	5	260	83079	83807	2.95e-28	117	53.70	0/3
ParA	NZ_NPEI01000004.1	32.308	260	156	8	5	262	107330	108055	2.59e-23	103	53.08	0/2
ParA	NZ_RQEY01000012.1	33.463	257	156	6	5	260	334459	333731	2.96e-28	117	53.70	0/-3
ParA	NZ_RQEY01000012.1	32.308	260	156	8	5	262	308281	307556	2.36e-23	103	53.08	0/-3
ParA	NZ_RQEY01000012.1	28.415	183	114	5	7	183	93570	94085	1.76e-08	58.9	47.54	0/3
ParA	NZ_RQFO01000011.1	31.765	255	161	4	6	260	52208	51483	2.98e-28	117	53.33	0/-2
ParA	NZ_RQFO01000011.1	34.052	232	130	8	5	232	25681	25043	1.14e-20	95.5	53.45	0/-3
ParA	NZ_RQFP01000008.1	31.128	257	164	4	5	261	69470	68739	3.01e-28	117	53.31	0/-2
ParA	NZ_RQFP01000008.1	32.636	239	124	8	5	232	42939	42301	6.03e-20	93.2	52.30	0/-1
ParA	NZ_NPDR01000005.1	33.463	257	156	6	5	260	68722	69450	3.31e-28	117	53.70	0/1
ParA	NZ_NPDR01000005.1	31.923	260	157	8	5	262	92975	93700	3.68e-23	102	53.08	0/2
ParA	NZ_RQFY01000007.1	33.463	257	156	6	5	260	276609	275881	3.31e-28	117	53.70	0/-1
ParA	NZ_RQFY01000007.1	32.558	258	158	7	5	262	251542	250817	1.97e-23	103	53.10	0/-3
ParA	NZ_RQER01000006.1	33.205	259	158	6	4	260	376259	375522	4.45e-28	117	53.28	0/-2
ParA	NZ_RQHU01000024.1	31.765	255	161	4	6	260	91844	92569	4.62e-28	117	53.33	0/2
ParA	NZ_RQHU01000024.1	33.621	232	131	8	5	232	118377	119015	1.57e-19	92.0	53.45	0/3
ParA	NZ_AOGW02000023.1	31.373	255	162	4	6	260	117968	118693	4.98e-28	117	53.33	0/2
ParA	NZ_AOGW02000023.1	33.621	232	131	8	5	232	144499	145137	4.86e-20	93.6	53.45	0/1
ParA	NZ_AOGZ02000016.1	31.373	255	162	4	6	260	53518	52793	5.69e-28	116	53.33	0/-1
ParA	NZ_AOGZ02000016.1	34.052	232	130	8	5	232	26986	26348	3.43e-20	94.0	53.45	0/-1
ParA	NZ_NPEC01000006.1	31.373	255	162	4	6	260	156647	155922	6.26e-28	116	53.73	0/-3
ParA	NZ_NPEC01000006.1	33.190	232	132	8	5	232	130132	129494	6.95e-20	93.2	53.88	0/-1
ParA	NZ_RQET01000009.1	32.685	257	158	6	5	260	48817	48089	6.69e-28	116	53.31	0/-2
ParA	NZ_RQET01000009.1	34.733	262	147	8	5	262	26000	25275	2.54e-26	112	54.20	0/-1
ParA	NZ_AKWZ02000011.1	32.031	256	161	5	5	260	262692	263420	6.76e-28	116	53.12	0/3
ParA	NZ_AKWZ02000011.1	33.460	263	149	8	5	262	285581	286306	1.86e-26	112	53.23	0/2
ParA	NZ_RQHK01000005.1	31.373	255	162	4	6	260	79893	79168	7.01e-28	116	53.73	0/-1
ParA	NZ_RQHK01000005.1	34.483	232	129	8	5	232	53366	52728	5.27e-21	96.3	54.31	0/-2
ParA	NZ_RQFW01000001.1	31.373	255	162	4	6	260	131572	132297	7.01e-28	116	53.73	0/1
ParA	NZ_RQFW01000001.1	34.483	232	129	8	5	232	158093	158731	6.60e-21	96.3	54.31	0/2
ParA	NZ_RQEV01000007.1	32.685	257	158	6	5	260	299632	298904	7.22e-28	116	53.31	0/-1
ParA	NZ_RQEV01000007.1	35.496	262	145	8	5	262	276819	276094	5.68e-27	114	54.20	0/-2
ParA	NZ_RQHF01000042.1	30.980	255	163	4	6	260	121649	122374	8.73e-28	116	53.33	0/2
ParA	NZ_RQHF01000042.1	34.052	232	130	8	5	232	148179	148817	1.74e-20	94.7	53.88	0/3
ParA	NZ_NPDN01000007.1	33.074	257	157	6	5	260	67638	68366	8.81e-28	116	53.70	0/3
ParA	NZ_NPDN01000007.1	32.308	260	156	8	5	262	91891	92616	2.59e-23	103	53.08	0/1
ParA	NZ_JQRS01000020.1	30.566	265	164	5	4	260	5470	4712	8.88e-28	116	52.08	0/-1
ParA	NZ_RQGA01000007.1	30.980	255	163	4	6	260	20410	19685	8.90e-28	116	53.73	0/-3
ParA	NZ_RQGA01000007.1	34.483	232	129	8	5	232	256666	256028	6.60e-21	96.3	53.88	0/-3
ParA	NZ_RQFA01000026.1	32.472	271	151	7	4	260	91758	92516	9.50e-28	116	52.03	0/3
ParA	NZ_BFAZ01000010.1	30.980	255	163	4	6	260	221949	221224	1.14e-27	115	53.73	0/-2
ParA	NZ_BFAZ01000010.1	33.621	232	131	8	5	232	195389	194751	4.05e-21	96.7	55.60	0/-3
ParA	NZ_MCRM02000001.1	32.031	256	161	5	5	260	365985	365257	1.15e-27	115	53.12	0/-2
ParA	NZ_MCRM02000001.1	33.460	263	149	8	5	262	343036	342311	8.49e-26	110	52.85	0/-1
ParA	NZ_RQHV01000002.1	31.250	256	163	4	6	261	102269	101541	1.44e-27	115	53.12	0/-2
ParA	NZ_RQHV01000002.1	32.328	232	134	8	5	232	75499	74861	5.57e-21	96.3	55.17	0/-3
ParA	NZ_BFBA01000014.1	31.250	256	163	4	6	261	256983	256255	1.44e-27	115	53.12	0/-1
ParA	NZ_BFBA01000014.1	33.621	232	131	8	5	232	230204	229566	6.68e-22	99.0	56.03	0/-2
ParA	NZ_RQHA01000012.1	30.980	255	163	4	6	260	138047	137322	1.54e-27	115	53.73	0/-1
ParA	NZ_RQHA01000012.1	34.052	232	130	8	5	232	111481	110843	3.05e-22	100	55.60	0/-2
ParA	NZ_RQGQ01000014.1	30.469	256	165	4	5	260	210729	210001	1.94e-27	115	53.52	0/-2
ParA	NZ_RQGQ01000014.1	31.799	239	126	7	5	232	184199	183561	1.27e-18	89.4	50.21	0/-3
ParA	NZ_AHMO02000007.1	31.641	256	162	5	5	260	270529	271257	2.13e-27	115	53.12	0/1
ParA	NZ_AHMO02000007.1	35.115	262	146	8	5	262	293414	294139	8.30e-27	113	54.20	0/2
ParA	NZ_JQGW01000082.1	30.566	265	164	5	4	260	15659	14901	2.49e-27	114	52.45	0/-1
ParA	NZ_NPEA01000002.1	34.496	258	154	7	4	259	167685	168419	2.79e-27	114	52.71	0/3
ParA	NZ_RQGG01000010.1	30.980	255	163	4	6	260	182936	182211	2.94e-27	114	53.73	0/-3
ParA	NZ_RQGG01000010.1	32.906	234	130	8	5	232	156388	155750	1.53e-20	95.1	55.56	0/-1
ParA	NZ_RQHO01000004.1	30.980	255	163	4	6	260	99709	98984	3.27e-27	114	53.73	0/-3
ParA	NZ_RQHO01000004.1	33.190	232	132	8	5	232	73150	72512	8.20e-21	95.9	55.60	0/-3
ParA	NZ_APGN01000245.1	30.682	264	165	5	4	260	36229	35471	4.50e-27	114	51.89	0/-2
ParA	NZ_RQFK01000023.1	30.469	256	165	4	5	260	41654	42382	5.46e-27	114	53.52	0/2
ParA	NZ_RQFK01000023.1	32.218	239	125	7	5	232	68193	68831	1.23e-19	92.4	50.21	0/3
ParA	NZ_NPDS01000001.1	30.682	264	165	5	4	260	23857	24615	7.78e-27	113	51.14	0/1
ParA	NZ_NPEF01000007.1	32.443	262	163	5	4	260	24500	23742	8.01e-27	113	51.53	0/-2
ParA	NZ_RQFG01000016.1	30.469	256	165	4	5	260	248381	247653	8.62e-27	113	53.12	0/-1
ParA	NZ_RQFG01000016.1	31.799	239	126	7	5	232	221836	221198	2.07e-19	91.7	50.21	0/-2
ParA	NZ_RQFU01000016.1	30.588	255	164	4	6	260	234474	235199	1.49e-26	112	53.73	0/3
ParA	NZ_RQFU01000016.1	32.906	234	130	8	5	232	261011	261649	3.88e-20	94.0	55.13	0/2
ParA	NZ_RQGR01000007.1	30.588	255	164	4	6	260	146748	147473	1.50e-26	112	53.73	0/3
ParA	NZ_RQGR01000007.1	33.761	234	128	8	5	232	173287	173925	1.60e-20	95.1	55.13	0/1
ParA	NZ_RQFD01000010.1	30.588	255	164	4	6	260	69568	68843	1.54e-26	112	53.73	0/-2
ParA	NZ_RQFD01000010.1	33.621	232	131	8	5	232	42988	42350	1.47e-21	98.2	55.17	0/-2
ParA	NZ_NPDZ01000003.1	31.518	257	163	5	5	261	293598	292867	1.74e-26	112	53.31	0/-1
ParA	NZ_NPDZ01000003.1	33.460	263	149	8	5	262	270087	269362	5.34e-24	105	52.47	0/-1
ParA	NZ_MCRM02000004.1	33.203	256	160	5	4	259	71734	71000	1.77e-26	112	52.34	0/-3
ParA	NZ_QHCU01000001.1	30.303	264	166	5	4	260	943464	942706	4.81e-26	111	51.52	0/-2
ParA	NZ_KB891760.1	32.184	261	164	4	4	262	69577	68828	5.85e-26	110	49.04	0/-2
ParA	NZ_AHOM02000010.1	32.031	256	163	4	4	259	163165	163899	7.03e-26	110	50.39	0/1
ParA	NZ_RQGL01000017.1	30.303	264	166	4	4	260	2856	2098	8.58e-26	110	50.76	0/-1
ParA	NZ_LPWH01000062.1	32.184	261	164	4	4	262	70883	70134	1.01e-25	110	49.04	0/-3
ParA	NZ_JACHGJ010000001.1	31.878	229	141	4	4	232	146923	147564	1.45e-25	109	55.02	0/1
ParA	NZ_FTMS01000011.1	30.651	261	168	4	1	259	68560	67811	2.82e-25	108	49.43	0/-3
ParA	NZ_RQHS01000005.1	32.075	265	151	7	4	259	61274	62008	3.88e-25	108	52.08	0/2
ParA	NZ_NPEF01000069.1	34.340	265	143	10	5	262	997	1719	2.82e-24	105	53.96	0/1
ParA	NZ_RQGF01000012.1	32.558	258	159	7	4	259	43259	43993	2.03e-23	103	50.78	0/2
ParA	NZ_JACHGJ010000004.1	31.004	229	143	2	4	232	278161	277520	7.27e-22	99.0	51.53	0/-3
ParA	NZ_JACHGJ010000004.1	31.004	229	143	2	4	232	268361	267720	7.27e-22	99.0	51.53	0/-2
ParA	NZ_NPDS01000004.1	33.208	265	146	10	5	262	15117	15839	8.87e-22	98.6	53.58	0/3
ParA	NZ_APGN01000163.1	32.453	265	148	10	5	262	26443	27165	3.46e-21	97.1	53.96	0/1
ParA	NZ_KB891701.1	27.778	252	163	6	5	252	47511	48221	5.13e-17	84.7	48.41	0/3
ParA	NZ_LPWH01000093.1	27.778	252	163	6	5	252	9392	8682	5.13e-17	84.7	48.41	0/-2
ParA	NZ_RQFW01000026.1	33.149	181	104	5	4	180	29388	29891	1.20e-15	80.5	50.28	0/3
ParA	NZ_JACZ01000027.1	29.358	218	140	6	4	218	2927	2307	2.05e-15	79.7	50.46	0/-2
ParA	NZ_RQHU01000014.1	28.464	267	159	9	4	261	57525	56794	1.11e-14	77.8	47.94	0/-2
ParA	NC_011262.1	34.118	170	101	5	4	171	11788	11306	4.11e-14	75.9	55.29	0/-1
ParA	NZ_JACHFG010000007.1	30.808	198	128	4	5	202	17171	17737	8.50e-14	75.1	47.47	0/2
ParA	NZ_AYOT01000150.1	29.493	217	139	6	5	218	2229	1612	2.84e-13	73.2	47.00	0/-1
ParA	NZ_RQFU01000008.1	32.778	180	106	4	4	180	22616	22113	3.24e-13	73.2	48.89	0/-2
ParA	NZ_FMTE01000016.1	28.889	225	142	6	4	218	1522	2172	3.98e-13	72.8	46.67	0/1
ParA	NC_008569.1	29.018	224	141	7	5	218	17772	18419	6.57e-13	72.4	47.32	0/3
ParA	NZ_AOGW02000012.1	27.547	265	164	8	4	261	39789	40520	6.58e-13	72.4	46.42	0/3
ParA	NZ_QBLM01000004.1	27.203	261	175	7	5	261	20962	20213	1.07e-12	71.6	45.98	0/-3
ParA	NZ_AYOU01000037.1	28.458	253	148	10	4	242	2460	3161	1.15e-12	71.6	46.64	0/3
ParA	NC_011257.1	26.695	236	146	5	4	226	17453	18118	1.73e-12	71.2	44.49	0/2
ParA	NZ_AYOU01000050.1	27.119	236	145	5	4	226	18402	19067	1.81e-12	71.2	44.49	0/3
ParA	NC_011252.1	26.695	236	146	5	4	226	17440	18105	2.00e-12	70.9	44.49	0/1
ParA	NC_012130.1	31.183	186	114	6	4	186	1840	2364	2.10e-12	70.9	53.23	0/1
ParA	NZ_JACHFB010000026.1	31.455	213	136	6	4	215	393	1004	2.43e-12	70.5	48.83	0/3
ParA	NT_167351.1	34.831	178	102	7	5	179	10588	10088	3.32e-12	70.1	52.81	0/-1
ParA	NC_012239.1	34.831	178	102	7	5	179	6127	6627	3.32e-12	70.1	52.81	0/1
ParA	NZ_JACHFG010000055.1	31.579	190	122	3	4	192	1836	1288	3.79e-12	69.7	48.95	0/-3
ParA	NZ_CP044538.1	34.463	177	102	7	5	178	4818	5315	4.47e-12	69.7	53.11	0/3
ParA	NZ_ABKB02000020.1	30.319	188	113	5	4	186	90	614	6.76e-12	67.4	50.00	0/3
ParA	NZ_JACHFG010000014.1	34.831	178	102	7	5	179	6534	7034	8.44e-12	68.9	52.25	0/3
ParA	NZ_AYOT01000083.1	31.720	186	105	7	4	182	951	1463	9.74e-12	68.6	51.61	0/3
ParA	NZ_JACZ01000011.1	25.523	239	152	6	4	235	8778	8119	1.01e-11	68.9	45.61	0/-3
ParA	NC_008273.1	30.526	190	124	3	4	192	27109	26561	1.18e-11	68.6	48.95	0/-2
ParA	NC_011263.1	25.751	233	151	6	5	232	1496	849	1.22e-11	68.6	47.64	0/-1
ParA	NZ_CP015962.1	29.787	188	114	6	4	186	1827	2351	1.24e-11	68.6	50.53	0/3
ParA	NZ_FMTE01000033.1	30.526	190	124	3	4	192	135	683	1.30e-11	67.8	49.47	0/3
ParA	NZ_AYOU01000064.1	25.751	233	151	6	5	232	8852	9499	1.39e-11	68.2	48.07	0/2
ParA	NZ_AYOU01000064.1	25.751	233	151	6	5	232	1433	786	1.39e-11	68.2	48.07	0/-2
ParA	NC_015906.1	30.000	190	125	3	4	192	9160	9708	1.65e-11	68.2	48.95	0/1
ParA	NC_015906.1	26.562	256	177	5	4	256	36197	35454	2.88e-11	67.4	44.53	0/-1
ParA	NZ_CP015799.1	26.437	261	171	7	4	256	19382	20125	1.66e-11	68.2	45.21	0/2
ParA	NZ_AYOU01000154.1	32.402	179	111	4	4	181	3782	4291	1.68e-11	68.2	50.28	0/2
ParA	NC_011260.1	28.696	230	136	8	4	225	6211	6840	1.94e-11	68.2	50.00	0/1
ParA	NZ_QBLM01000010.1	30.526	190	124	3	4	192	3550	3002	2.04e-11	67.8	48.95	0/-3
ParA	NC_015920.1	28.788	198	132	4	5	202	5685	5119	2.27e-11	67.8	44.95	0/-1
ParA	NZ_JACHFB010000030.1	31.694	183	102	5	4	178	79	582	2.30e-11	67.4	48.63	0/1
ParA	NZ_ABCW02000007.1	31.694	183	102	5	4	178	2948	3451	2.40e-11	67.8	48.63	0/2
ParA	NZ_CP028890.1	28.713	202	135	5	4	204	13941	13360	2.81e-11	67.4	47.03	0/-1
ParA	NZ_CP015801.1	31.694	183	102	5	4	178	20630	21133	3.25e-11	67.4	48.63	0/2
ParA	NZ_CP044541.1	29.224	219	119	7	5	210	13577	14164	3.32e-11	67.4	45.21	0/2
ParA	NZ_CP024336.1	26.842	190	118	4	4	186	23585	24112	3.58e-11	67.0	45.79	0/2
ParA	NC_012515.1	27.803	223	147	5	4	225	20781	21410	3.94e-11	67.0	47.53	0/3
ParA	NC_015904.1	31.694	183	102	5	4	178	20738	21241	4.56e-11	67.0	48.09	0/2
ParA	NZ_FMTE01000027.1	30.508	177	112	5	4	178	135	638	5.12e-11	66.2	49.15	0/3
ParA	NZ_AYOT01000088.1	24.576	236	151	5	4	226	30047	30712	5.85e-11	66.6	45.34	0/2
ParA	NC_012204.1	28.111	217	134	7	5	215	19667	20269	5.98e-11	66.6	46.54	0/2
ParA	NZ_AYOU01000017.1	28.505	214	141	7	4	215	2181	1570	6.22e-11	66.2	48.13	0/-2
ParA	NZ_JACHFG010000025.1	26.357	258	159	7	4	248	1759	1040	6.23e-11	66.2	45.74	0/-3
ParA	NC_012512.1	29.213	178	109	4	4	176	9293	9790	6.75e-11	66.2	48.88	0/2
ParA	NZ_CP024337.1	29.353	201	131	6	4	202	30630	30055	6.84e-11	66.2	48.76	0/-1
ParA	NZ_CP028889.1	27.368	190	117	4	4	186	7509	6982	7.71e-11	66.2	45.79	0/-3
ParA	NZ_CP028887.1	29.703	202	120	8	4	200	21989	21435	7.77e-11	66.2	49.01	0/-3
ParA	NZ_CP028887.1	24.242	231	163	5	4	227	30387	29710	2.01e-07	55.8	45.89	0/-2
ParA	NZ_JACFAX010000009.1	26.000	250	174	6	4	250	28322	29047	7.99e-11	66.2	46.40	0/2
ParA	NZ_JACHFG010000052.1	30.508	177	112	5	4	178	2097	1594	8.15e-11	65.9	49.15	0/-1
ParA	NZ_QBLM01000006.1	28.736	174	107	4	4	172	9991	10476	8.74e-11	65.9	47.13	0/1
ParA	NZ_FMTE01000010.1	25.806	248	173	6	4	248	5281	4562	9.21e-11	65.9	46.77	0/-1
ParA	NZ_JACZ01000019.1	30.811	185	121	3	4	188	2633	3166	9.47e-11	65.9	48.65	0/2
ParA	NZ_JACFAX010000002.1	28.824	170	104	4	4	168	9175	9648	1.01e-10	65.9	48.24	0/1
ParA	NZ_CP019364.1	24.812	266	171	7	4	262	24380	25111	1.04e-10	65.9	43.61	0/2
ParA	NZ_AYOU01000143.1	28.261	230	137	8	4	225	1370	1999	1.05e-10	65.9	50.43	0/2
ParA	NZ_AYOT01000102.1	25.322	233	152	6	5	232	4045	4692	1.12e-10	65.5	47.64	0/1
ParA	NZ_AYOT01000102.1	25.322	233	152	6	5	232	18006	17359	1.12e-10	65.5	47.64	0/-1
ParA	NZ_AYOT01000102.1	25.322	233	152	6	5	232	15207	15854	1.12e-10	65.5	47.64	0/3
ParA	NZ_AYOT01000102.1	25.322	233	152	6	5	232	6844	6197	1.12e-10	65.5	47.64	0/-3
ParA	NC_015911.1	29.255	188	115	6	4	186	1821	2345	1.18e-10	65.5	50.53	0/3
ParA	NZ_RQFO01000017.1	29.891	184	104	5	5	178	802362	801856	1.27e-10	65.5	42.93	0/-1
ParA	NC_012267.1	30.588	170	101	4	4	168	9295	9768	1.33e-10	65.5	49.41	0/1
ParA	NZ_CP044539.1	28.824	170	110	2	4	171	6256	6738	1.57e-10	65.1	44.71	0/1
ParA	NZ_AHOM02000005.1	27.888	251	160	7	5	253	71626	72321	1.74e-10	65.1	46.22	0/1
ParA	NZ_BFAZ01000011.1	31.707	164	103	3	4	167	55027	54563	1.96e-10	65.1	45.12	0/-2
ParA	NZ_CP014520.1	27.473	182	111	4	4	178	20370	20873	2.06e-10	64.7	48.35	0/3
ParA	NZ_RQFD01000023.1	28.977	176	116	3	2	177	2040	1540	2.09e-10	64.7	49.43	0/-3
ParA	NC_012494.1	25.806	248	173	6	4	248	4200	3481	2.20e-10	64.7	46.37	0/-1
ParA	NZ_QHCT01000011.1	31.928	166	93	5	2	161	41731	41276	2.31e-10	64.7	48.80	0/-1
ParA	NC_015386.1	30.851	188	119	6	4	187	150340	150882	2.43e-10	64.7	45.74	0/1
ParA	NZ_JACZ01000043.1	29.353	201	131	5	4	202	1865	2440	2.79e-10	64.3	47.26	0/2
ParA	NZ_JACZ01000031.1	26.291	213	145	6	4	214	4487	5095	2.97e-10	64.3	46.95	0/2
ParA	NZ_RQHW01000002.1	28.796	191	118	6	5	186	13472	14017	3.26e-10	64.3	45.03	0/2
ParA	NZ_QBLM01000013.1	26.667	255	172	7	5	255	692	1423	3.35e-10	63.9	45.49	0/2
ParA	NZ_RQFD01000021.1	30.488	164	105	3	4	167	29970	29506	3.77e-10	63.9	47.56	0/-2
ParA	NZ_QBLM01000005.1	28.767	219	120	7	5	210	23879	24466	3.97e-10	63.9	44.75	0/2
ParA	NZ_CP015808.1	28.767	219	120	7	5	210	21453	20866	4.32e-10	63.9	44.75	0/-3
ParA	NC_012496.1	28.125	224	125	7	5	215	14324	13722	4.81e-10	63.9	45.09	0/-2
ParA	NZ_RQFK01000039.1	27.863	262	157	10	4	261	2200	1499	5.41e-10	63.5	46.56	0/-2
ParA	NZ_JACHFC010000006.1	30.000	170	102	4	4	168	6711	7184	5.64e-10	63.5	48.82	0/3
ParA	NZ_JACHFC010000008.1	27.103	214	146	5	5	218	13347	12736	5.95e-10	63.5	45.79	0/-3
ParA	NZ_AYOU01000146.1	29.412	204	131	5	4	204	12544	11963	6.37e-10	63.5	45.59	0/-2
ParA	NZ_JACHFG010000008.1	27.273	209	121	6	5	202	19725	20291	7.20e-10	63.2	45.93	0/3
ParA	NZ_JACHFB010000011.1	30.108	186	108	7	4	182	5600	6112	7.86e-10	63.2	50.00	0/2
ParA	NZ_CP024347.1	28.261	184	113	6	4	182	4567	4058	7.90e-10	63.2	53.26	0/-2
ParA	NC_012176.1	28.571	217	133	9	5	218	19564	18971	8.23e-10	63.2	48.39	0/-1
ParA	NZ_FMTE01000011.1	28.767	219	120	7	5	210	6779	7366	8.23e-10	63.2	44.29	0/2
ParA	NC_012132.1	26.946	167	111	2	4	168	9129	9602	1.03e-09	62.8	46.11	0/3
ParA	NC_012129.1	25.221	226	157	4	4	228	9216	9860	1.09e-09	62.8	45.13	0/3
ParA	NZ_JACHFB010000008.1	30.000	170	102	4	4	168	4749	4276	1.15e-09	62.8	48.24	0/-3
ParA	NC_015907.1	27.429	175	110	3	4	173	9295	9783	1.26e-09	62.4	46.29	0/1
ParA	NZ_CP015797.1	26.946	167	111	2	4	168	9234	9707	1.55e-09	62.4	46.71	0/3
ParA	NC_008566.1	26.728	217	137	7	5	218	12977	13570	1.60e-09	62.0	46.08	0/2
ParA	NZ_AYOU01000040.1	29.474	190	116	7	4	188	2563	3093	1.82e-09	62.0	51.58	0/1
ParA	NZ_FMTE01000018.1	27.189	217	136	8	5	218	1769	2362	1.84e-09	62.0	47.00	0/2
ParA	NZ_RQEQ01000080.1	27.820	266	157	7	5	260	39162	39884	1.98e-09	62.0	42.48	0/3
ParA	NZ_FUXC01000013.1	27.660	188	125	4	4	187	14973	14431	2.16e-09	61.6	46.28	0/-3
ParA	NC_012190.1	28.311	219	121	7	5	210	9731	9144	3.19e-09	61.2	44.75	0/-1
ParA	NZ_JACFAX010000004.1	28.311	219	121	7	5	210	15332	15919	3.26e-09	61.2	44.75	0/2
ParA	NZ_RQEQ01000072.1	28.261	184	109	3	5	181	22467	21964	3.59e-09	61.2	41.30	0/-3
ParA	NZ_NPEC01000011.1	27.513	189	102	3	2	177	28337	27837	3.94e-09	60.8	43.39	0/-3
ParA	NZ_AYOU01000076.1	27.094	203	133	4	4	202	2141	1566	4.65e-09	60.5	43.84	0/-2
ParA	NC_011254.1	27.094	203	133	4	4	202	17065	16490	5.29e-09	60.5	43.84	0/-3
ParA	NZ_AYOT01000089.1	27.717	184	115	5	4	182	1797	1285	5.78e-09	60.1	51.63	0/-2
ParA	NZ_JACHFB010000004.1	26.957	230	149	8	5	232	53207	53845	5.78e-09	60.5	45.22	0/2
ParA	NZ_JACHFB010000004.1	26.957	230	149	8	5	232	21162	20524	5.78e-09	60.5	45.22	0/-2
ParA	NZ_JACHFG010000006.1	26.407	231	148	6	4	228	18752	18108	6.08e-09	60.5	43.29	0/-3
ParA	NZ_JACZ01000017.1	28.804	184	112	6	5	182	6177	6689	7.24e-09	60.1	50.00	0/3
ParA	NZ_JACHFQ010000006.1	24.621	264	182	7	4	261	89454	90212	7.63e-09	60.1	42.42	0/3
ParA	NZ_AYOT01000107.1	31.492	181	106	6	4	179	2408	1905	7.65e-09	60.1	49.72	0/-3
ParA	NC_015916.1	27.391	230	148	8	5	232	14834	15472	8.97e-09	59.7	45.65	0/2
ParA	NZ_UFQO01000001.1	45.455	66	34	1	1	66	92324	92133	2.98e-08	58.2	62.12	0/-2
ParA	NC_008565.1	28.333	180	110	6	5	179	57311	57808	5.27e-08	57.4	47.78	0/2
ParA	NZ_FMTE01000007.1	26.627	169	111	3	4	168	5526	6005	6.02e-08	57.4	46.15	0/3
ParA	NZ_BFBA01000015.1	28.249	177	107	6	4	175	31028	30543	6.41e-08	57.4	44.63	0/-1
ParA	NZ_RQHV01000027.1	28.249	177	107	6	4	175	6915	7400	1.05e-07	56.6	44.63	0/3
ParA	NC_011251.1	27.174	184	116	6	4	182	16557	16045	1.98e-07	55.8	51.63	0/-1
ParA	NZ_FMTE01000026.1	27.778	180	111	6	5	179	770	273	2.24e-07	55.5	47.78	0/-2
ParA	NZ_QHCU01000010.1	24.868	189	127	4	4	188	59710	60243	2.30e-07	55.5	46.56	0/1
ParA	NZ_AYOU01000093.1	30.233	172	98	7	4	168	1466	1936	2.45e-07	55.5	50.58	0/2
ParA	NZ_AYOT01000105.1	28.824	170	103	6	4	168	2358	1888	2.83e-07	55.1	50.59	0/-1
ParA	NZ_RQHO01000001.1	25.670	261	150	8	5	247	5721	5017	3.12e-07	55.1	42.91	0/-3
ParA	NZ_BFAZ01000012.1	26.786	168	114	2	1	168	36627	37103	3.60e-07	55.1	45.24	0/3
ParA	NZ_AYOU01000065.1	29.412	170	102	7	4	168	2476	2946	4.49e-07	54.7	52.94	0/1
ParA	NZ_WUJG01000005.1	24.125	257	179	5	4	260	128882	128160	4.75e-07	54.7	44.75	0/-2
ParA	NC_008274.1	28.090	178	111	4	4	176	9145	9642	5.11e-07	54.7	47.75	0/1
ParA	NZ_RQFA01000024.1	25.283	265	167	9	5	261	33980	34705	5.53e-07	54.3	44.53	0/2
ParA	NZ_RQHF01000038.1	26.554	177	121	2	2	178	35819	36322	6.10e-07	54.3	44.07	0/2
ParA	NZ_RQET01000013.1	28.571	175	110	5	5	176	10280	9792	6.81e-07	54.3	48.57	0/-3
ParA	NZ_RQEY01000024.1	26.103	272	150	9	4	259	31517	32227	1.86e-06	52.8	39.34	0/2
ParA	NZ_CP019362.1	28.824	170	103	7	4	168	20821	20351	3.35e-06	52.0	51.18	0/-2
ParA	NZ_WUJG01000014.1	26.168	214	131	6	4	213	10730	11302	4.35e-06	51.6	43.46	0/2
ParA	NZ_JACHFR010000004.1	43.548	62	32	1	4	65	120613	120437	8.67e-06	50.8	61.29	0/-3
ParA	NZ_NPDV01000022.1	54.545	44	20	0	4	47	53487	53618	3.97e-05	48.5	65.91	0/3
ParA	NZ_JPUF01000027.1	40.323	62	34	1	4	65	23626	23802	4.33e-05	48.5	54.84	0/1
ParA	NZ_AGRW01000045.1	52.273	44	20	1	4	47	103348	103476	6.61e-05	48.1	68.18	0/1
ParA	NZ_MCRM02000035.1	26.257	179	119	3	4	181	20228	20728	8.55e-05	47.8	45.81	0/2


