# tblastn
# Iteration: 0
# Query: McdA
# RID: 7VSUVNFZ01R
# Database: ref_prok_rep_genomes
# Fields: query acc.ver, subject acc.ver, % identity, alignment length, mismatches, gap opens, q. start, q. end, s. start, s. end, evalue, bit score, % positives, query/sbjct frames
# 793 hits found
McdA	NZ_LIPV01000001.1	57.143	203	75	5	26	228	413730	413158	4.71e-51	184	68.97	0/-1
McdA	NC_014145.1	56.650	203	76	5	26	228	147122	147694	6.61e-51	184	68.47	0/2
McdA	NZ_CP020046.1	56.650	203	76	5	26	228	1981685	1982257	5.16e-49	178	68.97	0/2
McdA	NZ_CP020046.1	33.607	122	73	3	26	146	787649	787993	1.60e-07	58.2	44.26	0/2
McdA	NZ_CP020046.1	58.140	43	17	1	26	68	1743134	1743259	8.32e-05	49.7	72.09	0/2
McdA	NZ_CAIGKB010000019.1	55.446	202	78	5	26	227	65244	64675	2.23e-47	173	66.83	0/-2
McdA	NZ_FNOY01000001.1	52.475	202	84	5	26	227	108938	109507	4.50e-46	170	66.34	0/2
McdA	NZ_BHGL01000028.1	54.187	203	81	6	26	228	120826	120254	2.09e-45	168	66.01	0/-2
McdA	NZ_AP021881.1	53.202	203	83	6	26	228	3163124	3162552	3.05e-45	167	66.50	0/-1
McdA	NZ_FOUF01000020.1	51.707	205	84	6	26	227	23283	23861	1.16e-44	166	62.93	0/3
McdA	NZ_FNNM01000005.1	50.495	202	88	5	26	227	71895	71326	3.22e-44	164	64.36	0/-3
McdA	NZ_SMCO01000002.1	54.680	203	80	4	26	228	124813	124241	6.02e-44	164	62.56	0/-3
McdA	NZ_KB891316.1	50.000	202	90	5	27	228	979870	980442	4.78e-42	158	62.38	0/1
McdA	NZ_KB891316.1	31.148	122	69	2	26	147	1093777	1093457	2.89e-05	51.2	42.62	0/-3
McdA	NZ_BGOW01000050.1	56.158	203	77	6	26	228	1017	1589	6.23e-40	152	67.00	0/3
McdA	NZ_AP021884.1	56.158	203	77	6	26	228	3295606	3295034	7.85e-40	152	67.00	0/-2
McdA	NZ_AP021884.1	35.795	176	104	5	26	201	2468867	2468367	4.69e-17	86.3	47.16	0/-1
McdA	NZ_VJOL01000018.1	50.990	202	75	4	27	228	21588	22121	6.45e-39	149	60.40	0/3
McdA	NZ_VJNB01000008.1	51.000	200	74	4	27	226	1352	1879	1.01e-37	145	60.00	0/2
McdA	NZ_AP018721.1	50.495	202	87	5	27	228	2154659	2154093	1.06e-35	140	58.42	0/-1
McdA	NZ_AP018721.1	37.931	203	116	4	26	228	1517065	1516487	6.45e-23	103	50.74	0/-2
McdA	NZ_AP018721.1	63.415	41	14	1	27	67	1624065	1623946	1.83e-05	51.6	73.17	0/-3
McdA	NZ_AP018721.1	60.465	43	16	1	26	68	2710181	2710056	4.90e-05	50.4	74.42	0/-1
McdA	NZ_SMAH01000001.1	48.768	203	76	5	27	226	71505	72038	3.66e-35	138	60.59	0/3
McdA	NZ_VJON01000008.1	44.776	201	92	4	27	227	56732	57277	1.97e-31	127	56.22	0/2
McdA	NZ_JTKY01000020.1	45.813	203	84	5	26	226	12474	11938	4.06e-30	124	57.14	0/-1
McdA	NZ_VJNA01000026.1	47.783	203	78	5	27	226	28687	29220	6.17e-30	123	59.61	0/1
McdA	NZ_AP014568.1	46.269	201	93	4	27	227	2498239	2497682	5.55e-25	109	56.72	0/-1
McdA	NZ_AP014569.1	44.500	200	98	4	27	226	2530330	2529770	3.00e-22	101	56.00	0/-3
McdA	NZ_AP014569.1	60.465	43	16	1	26	68	2374183	2374058	4.90e-05	50.4	72.09	0/-3
McdA	NZ_CP016210.1	37.198	207	114	7	26	228	381604	382188	6.37e-22	100	53.62	0/1
McdA	NZ_QKOE01000007.1	37.981	208	114	6	20	225	164014	164598	2.89e-21	98.6	50.48	0/1
McdA	NZ_JACYOX010000003.1	30.732	205	133	4	26	228	33396	32803	6.56e-21	97.4	47.80	0/-2
McdA	NZ_CP020740.1	31.863	204	129	5	26	227	95963	95376	1.30e-20	96.7	51.47	0/-3
McdA	NZ_AMXD01000093.1	36.634	202	116	6	26	225	8918	8343	2.32e-20	95.9	51.49	0/-1
McdA	NZ_AMXF01000170.1	36.000	200	120	5	26	225	1625	1050	4.45e-20	94.7	51.00	0/-2
McdA	NZ_FPBX01000025.1	31.325	166	105	4	26	189	3852	3376	6.34e-20	94.4	50.60	0/-1
McdA	NZ_VZOW01000060.1	34.158	202	121	6	26	227	2692	2123	7.85e-20	94.4	52.97	0/-3
McdA	NZ_NWBQ01000050.1	32.673	202	124	6	26	227	7238	7807	1.48e-19	93.6	52.97	0/2
McdA	NZ_MBFM01000005.1	37.000	200	118	5	26	225	47775	48350	1.75e-19	93.2	52.00	0/3
McdA	NZ_VOQS01000003.1	33.333	204	126	5	26	227	1245318	1245905	1.85e-19	93.2	46.57	0/3
McdA	NC_010170.1	38.857	175	98	5	26	200	4822601	4823098	1.98e-19	93.2	48.00	0/2
McdA	NC_010170.1	35.795	176	104	5	26	201	2268090	2268590	2.04e-17	87.0	48.30	0/3
McdA	NC_010170.1	60.465	43	16	1	26	68	5241321	5241196	6.16e-06	53.1	74.42	0/-1
McdA	NZ_BCUG01000011.1	35.500	200	121	5	26	225	5895	5320	2.81e-19	92.8	52.50	0/-1
McdA	NZ_WHNP01000001.1	32.843	204	127	5	26	227	176639	176052	3.15e-19	92.4	46.57	0/-2
McdA	NC_010623.1	33.333	204	126	5	26	227	1141219	1141806	3.28e-19	92.4	46.57	0/1
McdA	NZ_CAIGKB010000016.1	36.932	176	102	5	26	201	110519	110019	3.49e-19	92.4	47.73	0/-2
McdA	NZ_CADIJZ010000013.1	32.843	204	127	5	26	227	114931	114344	3.67e-19	92.4	46.57	0/-1
McdA	NZ_QPEQ01000002.1	32.353	204	128	5	26	227	3137	2550	3.78e-19	92.4	47.06	0/-2
McdA	NZ_CYGY02000046.1	32.843	204	127	5	26	227	141464	140877	3.92e-19	92.0	46.57	0/-2
McdA	NZ_CP014646.1	35.500	200	121	5	26	225	3130468	3131043	4.53e-19	92.0	52.00	0/1
McdA	NZ_ANSK01000004.1	32.843	204	127	5	26	227	187730	188317	5.37e-19	91.7	46.57	0/2
McdA	NZ_QHKS01000008.1	32.843	204	127	5	26	227	157122	156535	5.52e-19	91.7	46.57	0/-3
McdA	NZ_FNCJ01000001.1	32.353	204	128	5	26	227	677473	678060	5.53e-19	91.7	46.57	0/1
McdA	NZ_LRBG01000009.1	32.353	204	128	5	26	227	9256	9843	5.68e-19	91.7	46.57	0/1
McdA	NZ_QEOB01000013.1	32.843	204	127	5	26	227	280193	280780	5.68e-19	91.7	46.57	0/2
McdA	NZ_CP026112.1	32.843	204	127	5	26	227	3159	2572	5.69e-19	91.7	46.57	0/-1
McdA	NZ_CP024942.1	32.843	204	127	5	26	227	1144861	1145448	5.74e-19	91.7	46.57	0/1
McdA	NZ_JACHDF010000008.1	32.353	204	128	5	26	227	325908	326495	5.90e-19	91.7	46.57	0/3
McdA	NZ_FNKX01000002.1	32.353	204	128	5	26	227	1621654	1622241	5.91e-19	91.7	46.57	0/1
McdA	NZ_NIOF01000022.1	36.932	176	102	5	26	201	57715	57215	5.98e-19	91.7	47.73	0/-3
McdA	NZ_JHYR01000021.1	35.500	200	121	5	26	225	12620	12045	5.98e-19	91.7	52.00	0/-2
McdA	NZ_FONX01000004.1	36.932	176	102	5	26	201	278523	279023	6.02e-19	91.7	47.73	0/3
McdA	NZ_CP065748.1	36.932	176	102	5	26	201	5077642	5078142	6.02e-19	91.7	47.73	0/1
McdA	NZ_CP065748.1	36.932	176	102	5	26	201	2863958	2863458	6.35e-18	88.6	47.73	0/-1
McdA	NZ_CP065748.1	35.795	176	104	5	26	201	1885929	1885429	1.82e-17	87.4	48.30	0/-3
McdA	NZ_CP065748.1	35.227	176	105	5	26	201	5409121	5409621	3.03e-17	86.7	48.30	0/1
McdA	NZ_CP065748.1	58.140	43	17	1	26	68	4708838	4708963	2.69e-05	51.2	74.42	0/2
McdA	NZ_CP017420.1	36.932	176	102	5	26	201	3752401	3751901	6.02e-19	91.7	47.73	0/-3
McdA	NZ_CP017420.1	35.227	176	105	5	26	201	2956512	2956012	3.15e-17	86.7	48.30	0/-1
McdA	NZ_CP017420.1	33.523	176	108	5	26	201	6982437	6981937	3.09e-16	84.0	47.16	0/-1
McdA	NZ_CP017420.1	58.696	46	18	1	26	71	6696591	6696457	7.65e-13	55.8	76.09	0/-1
McdA	NZ_CP017420.1	37.037	81	47	2	109	189	6696352	6696122	7.65e-13	41.6	48.15	0/-3
McdA	NZ_CP017420.1	58.140	43	17	1	26	68	4748685	4748810	2.69e-05	51.2	74.42	0/3
McdA	NZ_CADIKB010000002.1	32.843	204	127	5	26	227	290246	290833	6.08e-19	91.7	46.57	0/2
McdA	NZ_FNYE01000003.1	32.843	204	127	5	26	227	79082	78495	6.19e-19	91.7	46.57	0/-3
McdA	NZ_JACYXF010000098.1	30.348	201	131	4	26	224	2849	2268	6.31e-19	91.7	47.26	0/-2
McdA	NZ_CP017562.1	32.353	204	128	5	26	227	1156150	1155563	6.44e-19	91.7	46.57	0/-2
McdA	NZ_CP015959.1	32.843	204	127	5	26	227	1515679	1515092	7.15e-19	91.7	46.57	0/-2
McdA	NZ_CADIKK010000059.1	32.353	204	128	5	26	227	1031	1618	8.53e-19	91.3	46.57	0/2
McdA	NZ_CYGX02000053.1	32.353	204	128	5	26	227	661	1248	8.66e-19	91.3	46.57	0/1
McdA	NZ_QLTK01000011.1	32.353	204	128	5	26	227	38683	38096	8.70e-19	91.3	46.57	0/-1
McdA	NZ_CADIKI010000015.1	32.353	204	128	5	26	227	33007	32420	8.71e-19	91.3	46.57	0/-1
McdA	NC_010676.1	32.353	204	128	5	26	227	3391986	3391399	8.73e-19	91.3	46.57	0/-2
McdA	NZ_CADIKD010000008.1	32.843	204	127	5	26	227	86291	86878	8.79e-19	91.3	46.57	0/2
McdA	NZ_LXJZ01000209.1	32.353	204	128	5	26	227	248722	248135	8.80e-19	91.3	46.57	0/-2
McdA	NZ_CP024935.1	32.353	204	128	5	26	227	2659997	2660584	8.81e-19	91.3	46.57	0/2
McdA	NZ_VOSW01000105.1	32.353	204	128	5	26	227	14861	14274	9.01e-19	91.3	46.57	0/-3
McdA	NZ_QPES01000002.1	32.353	204	128	5	26	227	3232	2645	9.06e-19	91.3	47.06	0/-2
McdA	NZ_CP022990.1	32.353	204	128	5	26	227	1986258	1986845	9.06e-19	91.3	46.57	0/3
McdA	NC_007952.1	32.353	204	128	5	26	227	458	1045	9.06e-19	91.3	46.57	0/2
McdA	NZ_FPBH01000005.1	32.353	204	128	5	26	227	300976	301563	9.14e-19	91.3	46.57	0/1
McdA	NZ_CADIKC010000001.1	32.353	204	128	5	26	227	1490531	1491118	9.15e-19	91.3	46.57	0/2
McdA	NZ_CP031466.1	32.353	204	128	5	26	227	3307206	3306619	9.15e-19	91.3	46.57	0/-1
McdA	NZ_FUZW01000001.1	32.843	204	127	5	26	227	3363222	3362635	9.60e-19	91.3	46.57	0/-1
McdA	NZ_AWZT01000019.1	32.843	204	127	5	26	227	28854	28267	9.74e-19	90.9	46.57	0/-1
McdA	NZ_BBJF01000006.1	32.353	204	128	5	26	227	513277	513864	1.01e-18	90.9	46.57	0/1
McdA	NZ_PVZM01000063.1	32.353	204	128	5	26	227	592	1179	1.03e-18	90.9	46.57	0/1
McdA	NZ_FCOC02000003.1	31.373	204	130	5	26	227	97281	97868	1.04e-18	90.9	46.57	0/3
McdA	NZ_SNVI01000002.1	32.353	204	128	5	26	227	1034135	1034722	1.09e-18	90.9	46.57	0/2
McdA	NZ_NBSN01000004.1	32.353	204	128	5	26	227	1884194	1883607	1.10e-18	90.9	46.57	0/-2
McdA	NZ_QPER01000002.1	32.353	204	128	5	26	227	3140	2553	1.10e-18	90.9	46.57	0/-1
McdA	NZ_AP021882.1	35.366	164	96	5	26	189	150	611	1.21e-18	90.9	52.44	0/3
McdA	NZ_FNRQ01000006.1	32.353	204	128	5	26	227	194876	194289	1.27e-18	90.9	46.57	0/-2
McdA	NZ_QQOA01000042.1	31.863	204	129	5	26	227	47970	48557	1.29e-18	90.9	46.57	0/3
McdA	NZ_FCOB02000021.1	36.364	176	103	5	26	201	51261	50761	1.33e-18	90.5	47.73	0/-3
McdA	NZ_KB911039.1	32.353	204	128	5	26	227	105400	104813	1.46e-18	90.5	46.57	0/-2
McdA	NZ_CP020738.1	31.863	204	129	5	26	227	93103	93690	1.51e-18	90.5	46.57	0/1
McdA	NZ_FMYQ01000004.1	32.353	204	128	5	26	227	36615	36028	1.55e-18	90.5	46.57	0/-3
McdA	NZ_CADIKH010000011.1	32.353	204	128	5	26	227	63251	62664	1.57e-18	90.5	46.57	0/-1
McdA	NZ_CP013461.1	31.863	204	129	5	26	227	2999777	3000364	1.62e-18	90.5	46.57	0/2
McdA	NZ_AUCQ01000012.1	35.795	176	104	5	26	201	112563	112063	1.66e-18	90.5	47.16	0/-3
McdA	NZ_CADFDQ010000012.1	31.863	204	129	5	26	227	107946	107359	1.68e-18	90.5	46.57	0/-2
McdA	NZ_CP049135.1	32.353	204	128	5	26	227	1361940	1362527	1.83e-18	90.1	46.57	0/3
McdA	NZ_BAXZ01000022.1	32.353	204	128	5	26	227	33368	32781	1.89e-18	90.1	46.57	0/-1
McdA	NZ_AXAN01000001.1	32.353	204	128	5	26	227	10126	10713	1.92e-18	90.1	46.57	0/1
McdA	NZ_CP013416.1	31.863	204	129	5	26	227	2998820	2999407	1.94e-18	90.1	46.57	0/2
McdA	NZ_BAYA01000038.1	32.353	204	128	5	26	227	14085	13498	1.96e-18	90.1	46.57	0/-1
McdA	NZ_FNSR01000002.1	32.353	204	128	5	26	227	1168100	1167513	2.05e-18	90.1	46.57	0/-1
McdA	NZ_CADFCV010000004.1	31.373	204	130	5	26	227	350806	351393	2.23e-18	90.1	46.57	0/1
McdA	NZ_SORE01000001.1	32.353	204	128	5	26	227	373352	373939	2.25e-18	90.1	46.57	0/2
McdA	NZ_BBJH01000058.1	32.353	204	128	5	26	227	13421	14008	2.26e-18	90.1	46.57	0/2
McdA	NZ_SMOD01000022.1	32.353	204	128	5	26	227	128067	128654	2.27e-18	90.1	46.57	0/3
McdA	NZ_QJSQ01000002.1	32.353	204	128	5	26	227	51573	50986	2.27e-18	90.1	46.57	0/-3
McdA	NZ_AEJF01000091.1	30.882	204	131	5	26	227	95818	95231	2.29e-18	90.1	46.57	0/-1
McdA	NZ_AQWL01000001.1	38.415	164	94	4	26	189	436775	436305	2.36e-18	90.1	48.17	0/-1
McdA	NZ_JAFA01000003.1	32.353	204	128	5	26	227	381997	382584	2.41e-18	90.1	46.57	0/1
McdA	NZ_CABVLY010000002.1	31.373	204	130	5	26	227	292819	292232	2.43e-18	89.7	46.57	0/-1
McdA	NZ_CABVQD010000011.1	31.373	204	130	5	26	227	20597	20010	2.45e-18	89.7	46.57	0/-3
McdA	NZ_FCOK02000014.1	30.882	204	131	5	26	227	84648	85235	2.52e-18	89.7	46.57	0/3
McdA	NZ_PVUA01000028.1	32.353	204	128	5	26	227	14247	13660	2.61e-18	89.7	46.57	0/-1
McdA	NZ_CP013403.1	31.373	204	130	5	26	227	2965291	2965878	2.65e-18	89.7	46.57	0/1
McdA	NZ_AP018357.1	31.373	204	130	5	26	227	3195	2608	2.65e-18	89.7	46.57	0/-1
McdA	NZ_FXAT01000011.1	31.863	204	128	5	26	227	106735	107319	2.72e-18	89.7	46.08	0/1
McdA	NZ_CADIKF010000002.1	32.353	204	128	5	26	227	146087	146674	2.77e-18	89.7	46.57	0/2
McdA	NZ_CABVPX010000003.1	31.373	204	130	5	26	227	258283	258870	2.83e-18	89.7	46.57	0/1
McdA	NZ_QMFZ01000002.1	31.373	204	130	5	26	227	205592	205005	2.83e-18	89.7	46.57	0/-1
McdA	NZ_CADFCT010000003.1	31.373	204	130	5	26	227	395728	396315	2.83e-18	89.7	46.57	0/1
McdA	NZ_CP045236.1	31.373	204	130	5	26	227	2755383	2754796	2.83e-18	89.7	46.57	0/-3
McdA	NZ_LOWA01000020.1	31.373	204	130	5	26	227	42637	42050	2.84e-18	89.7	46.57	0/-2
McdA	NZ_LOWI01000026.1	31.373	204	130	5	26	227	165903	166490	2.88e-18	89.7	46.57	0/3
McdA	NZ_CP009793.1	31.373	204	130	5	26	227	2067362	2066775	2.89e-18	89.7	46.57	0/-1
McdA	NZ_CP011504.1	31.373	204	130	5	26	227	1147155	1146568	2.89e-18	89.7	46.57	0/-3
McdA	NZ_LR025743.1	31.373	204	130	5	26	227	2385347	2385934	2.89e-18	89.7	46.57	0/2
McdA	NZ_BAYD01000019.1	31.863	204	129	5	26	227	57931	58518	3.02e-18	89.7	46.57	0/1
McdA	NZ_CADEVI010000004.1	31.373	204	130	5	26	227	324261	324848	3.14e-18	89.7	46.57	0/3
McdA	NZ_CADERN010000001.1	31.373	204	130	5	26	227	373133	373720	3.14e-18	89.7	46.57	0/2
McdA	NZ_CP009556.1	30.882	204	131	5	26	227	526318	526905	3.23e-18	89.7	46.57	0/1
McdA	NZ_VFPV01000001.1	35.227	176	105	5	26	201	398226	398726	3.36e-18	89.4	48.30	0/3
McdA	NZ_VFPV01000001.1	36.364	176	103	5	26	201	1416737	1416237	9.36e-18	88.2	47.73	0/-2
McdA	NZ_JAALDK010000001.1	31.863	204	128	5	26	227	2778952	2779536	3.59e-18	89.4	46.08	0/1
McdA	NZ_JAALDK010000001.1	58.140	43	17	1	26	68	6436510	6436635	7.39e-05	50.1	72.09	0/1
McdA	NZ_CADIKG010000002.1	31.373	204	130	5	26	227	372569	371982	3.69e-18	89.4	46.57	0/-3
McdA	NZ_CP013400.1	31.373	204	130	5	26	227	3048309	3048896	3.77e-18	89.4	46.57	0/3
McdA	NZ_CP013452.1	31.373	204	130	5	26	227	3068037	3068624	3.77e-18	89.4	46.57	0/3
McdA	NZ_CP062804.1	32.022	178	111	5	26	201	1841	2350	3.80e-18	89.4	50.56	0/2
McdA	NZ_VJZF01000003.1	31.373	204	130	5	26	227	911989	912576	3.91e-18	89.4	46.57	0/1
McdA	NZ_CP009831.1	31.373	204	130	5	26	227	233590	234177	3.91e-18	89.4	46.57	0/1
McdA	NZ_JAVA01000036.1	30.882	204	131	5	26	227	168062	167475	3.94e-18	89.4	46.57	0/-1
McdA	NC_007650.1	30.882	204	131	5	26	227	2908525	2909112	3.95e-18	89.4	46.57	0/1
McdA	NZ_OGTP01000011.1	31.863	204	129	5	26	227	126950	127537	4.01e-18	89.4	47.06	0/2
McdA	NZ_BAYB01000018.1	31.863	204	129	5	26	227	39948	40535	4.13e-18	89.4	46.57	0/3
McdA	NZ_LOYT01000035.1	31.373	204	130	5	26	227	19929	19342	4.13e-18	89.4	46.57	0/-3
McdA	NZ_FNHP01000007.1	36.364	176	103	5	26	201	44559	44059	4.45e-18	89.0	48.30	0/-2
McdA	NZ_PNYC01000013.1	31.373	204	130	5	26	227	156328	156915	4.72e-18	89.0	46.57	0/1
McdA	NZ_JACCEX010000002.1	37.143	175	101	5	26	200	657491	657988	4.91e-18	89.0	48.57	0/2
McdA	NZ_BCTI01000016.1	35.795	176	104	5	26	201	24135	24635	4.98e-18	89.0	47.73	0/3
McdA	NZ_JHYR01000006.1	36.364	176	103	5	26	201	241028	241528	5.24e-18	89.0	48.30	0/2
McdA	NZ_FOQU01000004.1	31.373	204	130	5	26	227	266117	266704	5.30e-18	89.0	46.57	0/2
McdA	NZ_CADIKL010000051.1	31.373	204	130	5	26	227	12552	13139	5.56e-18	89.0	46.57	0/3
McdA	NZ_JTDB02000001.1	30.882	204	131	5	26	227	202336	201749	5.99e-18	89.0	46.57	0/-1
McdA	NZ_CP002581.1	31.373	204	130	5	26	227	113	700	5.99e-18	89.0	46.57	0/2
McdA	NZ_CP035901.1	31.373	204	130	5	26	227	1185217	1185804	6.23e-18	88.6	46.57	0/1
McdA	NZ_BMYK01000002.1	36.932	176	102	5	26	201	320113	319613	6.34e-18	88.6	47.73	0/-1
McdA	NZ_CP060783.1	36.932	176	102	5	26	201	1313690	1313190	6.35e-18	88.6	47.73	0/-3
McdA	NZ_CP060783.1	35.227	176	105	5	26	201	3093592	3093092	1.42e-17	87.8	48.30	0/-1
McdA	NZ_CP060783.1	58.140	43	17	1	26	68	2757228	2757103	3.53e-05	50.8	72.09	0/-2
McdA	NZ_FNHP01000009.1	35.795	176	104	5	26	201	127489	127989	6.51e-18	88.6	48.30	0/1
McdA	NZ_SDKK01000025.1	36.364	176	103	5	26	201	33091	32591	6.55e-18	88.6	47.73	0/-3
McdA	NZ_FCOM02000011.1	31.863	204	129	5	26	227	133701	133114	6.83e-18	88.6	47.06	0/-3
McdA	NZ_KE386971.1	35.795	176	104	5	26	201	259465	258965	6.97e-18	88.6	48.30	0/-3
McdA	NZ_PDUW01000001.1	35.795	176	104	5	26	201	208972	208472	6.97e-18	88.6	48.30	0/-3
McdA	NZ_FNQJ01000015.1	36.932	176	102	5	26	201	50657	51157	7.07e-18	88.6	47.73	0/2
McdA	NZ_BMEU01000001.1	36.932	176	102	5	26	201	102186	102686	7.10e-18	88.6	47.73	0/3
McdA	NZ_CP021359.1	36.364	176	103	5	26	201	1559417	1558917	7.53e-18	88.6	48.30	0/-1
McdA	NZ_CP021359.1	38.415	164	94	4	26	189	1093719	1094189	6.34e-16	82.8	47.56	0/3
McdA	NZ_CP021359.1	53.061	49	22	1	20	68	49500	49643	3.02e-05	51.2	65.31	0/3
McdA	NZ_CAHLAR010000006.1	36.932	176	102	5	26	201	128330	127830	8.04e-18	88.6	47.73	0/-2
McdA	NZ_CAHLAR010000006.1	58.140	43	17	1	26	68	281040	280915	3.83e-05	50.8	72.09	0/-1
McdA	NZ_QPJU01000001.1	35.795	176	104	5	26	201	624133	623633	8.35e-18	88.2	47.73	0/-3
McdA	NZ_FCOF02000023.1	31.863	204	129	5	26	227	23403	22816	8.47e-18	88.2	47.06	0/-2
McdA	NZ_PNYA01000027.1	31.863	204	129	5	26	227	76637	76050	8.72e-18	88.2	46.57	0/-1
McdA	NZ_QJSQ01000018.1	36.364	176	103	5	26	201	160821	160321	8.90e-18	88.2	48.30	0/-3
McdA	NZ_FCNX02000006.1	31.373	204	130	5	26	227	157681	158268	9.00e-18	88.2	47.06	0/1
McdA	NZ_UWPJ01000027.1	37.714	175	100	5	26	200	113338	113835	9.16e-18	88.2	49.14	0/1
McdA	NZ_CP009728.1	30.882	204	131	5	26	227	2117130	2117717	9.27e-18	88.2	46.57	0/3
McdA	NZ_CP008782.1	30.882	204	131	5	26	227	2640460	2639873	9.27e-18	88.2	46.57	0/-1
McdA	NZ_CADIKB010000051.1	36.364	176	103	5	26	201	10212	10712	9.77e-18	88.2	47.73	0/3
McdA	NZ_CADIKT010000020.1	36.364	176	103	5	26	201	79358	79858	9.85e-18	88.2	47.73	0/2
McdA	NZ_JQKD01000017.1	36.364	176	103	5	26	201	89214	89714	9.87e-18	88.2	47.73	0/3
McdA	NZ_CP022989.1	36.364	176	103	5	26	201	797686	798186	9.91e-18	88.2	47.73	0/1
McdA	NZ_CP022989.1	58.140	43	17	1	26	68	1258973	1259098	9.36e-05	49.7	72.09	0/2
McdA	NZ_PDUW01000003.1	35.795	176	104	5	26	201	399277	399777	1.08e-17	88.2	48.30	0/1
McdA	NZ_SDQE01000001.1	35.795	176	104	5	26	201	357947	357447	1.08e-17	88.2	48.30	0/-3
McdA	NZ_FCOI02000022.1	31.373	204	130	5	26	227	57931	57344	1.10e-17	88.2	47.06	0/-2
McdA	NZ_CADIJU010000012.1	36.932	176	102	5	26	201	69854	70354	1.15e-17	87.8	47.73	0/2
McdA	NZ_SDQE01000015.1	35.795	176	104	5	26	201	82387	81887	1.16e-17	87.8	48.30	0/-3
McdA	NZ_CABVLY010000009.1	36.364	176	103	5	26	201	156539	156039	1.27e-17	87.8	47.73	0/-2
McdA	NZ_JACCEU010000006.1	36.364	176	103	5	26	201	6604	7104	1.28e-17	87.8	47.73	0/1
McdA	NZ_JACCEU010000003.1	35.227	176	105	5	26	201	610867	610367	1.29e-17	87.8	47.73	0/-3
McdA	NZ_BCUG01000092.1	35.795	176	104	5	26	201	307	807	1.29e-17	87.8	48.30	0/1
McdA	NZ_BMYS01000009.1	35.795	176	104	5	26	201	99816	100316	1.31e-17	87.8	48.30	0/3
McdA	NZ_FCNY02000015.1	31.188	202	133	3	26	227	127031	126444	1.35e-17	87.8	46.04	0/-1
McdA	NZ_JACCEU010000014.1	35.795	176	104	5	26	201	41653	42153	1.37e-17	87.8	48.30	0/1
McdA	NZ_BJNV01000021.1	33.663	202	124	6	26	224	36307	36891	1.42e-17	87.8	50.99	0/1
McdA	NZ_CABPSQ010000020.1	35.795	176	104	5	26	201	25873	25373	1.43e-17	87.8	48.30	0/-2
McdA	NZ_CADEYK010000005.1	31.373	204	130	5	26	227	581007	580420	1.46e-17	87.8	46.57	0/-2
McdA	NZ_CP028901.1	36.364	176	103	5	26	201	2239877	2239377	1.46e-17	87.8	47.73	0/-1
McdA	NZ_FCOL02000030.1	31.373	204	130	5	26	227	66480	67067	1.48e-17	87.8	46.57	0/3
McdA	NZ_JACHHM010000012.1	35.795	176	104	5	26	201	37352	36852	1.51e-17	87.4	48.30	0/-2
McdA	NZ_JQKD01000105.1	35.795	176	104	5	26	201	374	874	1.53e-17	87.4	48.30	0/2
McdA	NZ_FYAX01000027.1	36.585	164	97	4	26	189	171280	170810	1.57e-17	87.4	48.17	0/-2
McdA	NZ_FYAX01000027.1	30.337	178	114	5	26	201	88647	89156	2.43e-16	84.0	50.00	0/3
McdA	NZ_CADIKT010000029.1	35.795	176	104	5	26	201	35354	35854	1.66e-17	87.4	48.30	0/2
McdA	NZ_CP062803.1	35.795	176	104	5	26	201	4472663	4472163	1.67e-17	87.4	47.73	0/-1
McdA	NZ_CP062803.1	35.795	176	104	5	26	201	3136172	3135672	1.67e-17	87.4	47.73	0/-1
McdA	NZ_CP051298.1	35.795	176	104	5	26	201	818181	818681	1.69e-17	87.4	48.30	0/3
McdA	NZ_CP051298.1	35.795	176	104	5	26	201	507811	508311	8.77e-17	85.5	47.73	0/1
McdA	NZ_CP051298.1	35.227	176	105	5	26	201	2965183	2964683	1.01e-16	85.1	47.73	0/-1
McdA	NZ_CP051298.1	37.805	164	95	4	26	189	3218453	3217983	2.79e-15	80.9	47.56	0/-3
McdA	NZ_CP051298.1	58.140	43	17	1	26	68	62880	63005	6.87e-05	50.1	74.42	0/3
McdA	NZ_UWPJ01000022.1	35.795	176	104	5	26	201	78541	78041	1.70e-17	87.4	48.30	0/-1
McdA	NZ_JACHHM010000011.1	35.795	176	104	5	26	201	15400	14900	1.73e-17	87.4	47.16	0/-3
McdA	NZ_CADEYK010000001.1	36.364	176	103	5	26	201	1734190	1734690	1.77e-17	87.4	47.73	0/1
McdA	NZ_QGUB01000012.1	35.795	176	104	5	26	201	658	1158	1.86e-17	87.4	48.30	0/1
McdA	NZ_CP013119.1	35.795	176	104	5	26	201	3140714	3141214	1.87e-17	87.4	48.30	0/2
McdA	NZ_FCNV02000008.1	30.952	210	135	5	20	227	61384	61989	2.01e-17	87.4	46.19	0/1
McdA	NZ_ATJV01000058.1	35.227	176	105	5	26	201	11685	12185	2.03e-17	87.0	48.30	0/3
McdA	NZ_AXVM01000018.1	35.795	176	104	5	26	201	2019	1519	2.07e-17	87.0	48.30	0/-2
McdA	NZ_AXVM01000017.1	35.795	176	104	5	26	201	2019	1519	2.10e-17	87.0	48.30	0/-2
McdA	NZ_AXVM01000015.1	35.795	176	104	5	26	201	2067	2567	2.13e-17	87.0	48.30	0/3
McdA	NZ_AXVM01000010.1	35.795	176	104	5	26	201	46090	45590	2.15e-17	87.0	48.30	0/-3
McdA	NZ_SGXC01000001.1	35.227	176	105	5	26	201	1097983	1097483	2.16e-17	87.0	48.30	0/-3
McdA	NZ_CP027792.1	35.227	176	105	5	26	201	2478098	2478598	2.16e-17	87.0	48.30	0/2
McdA	NZ_CP027792.1	60.465	43	16	1	26	68	423092	423217	4.44e-05	50.4	72.09	0/2
McdA	NZ_JWJG01000028.1	30.000	200	131	4	26	223	2840259	2840837	2.16e-17	87.0	48.00	0/3
McdA	NZ_JWJG01000028.1	60.465	43	16	1	26	68	3008749	3008874	8.32e-05	49.7	72.09	0/1
McdA	NZ_FCNW02000030.1	31.373	204	130	5	26	227	29649	30236	2.21e-17	87.0	46.57	0/3
McdA	NZ_CP054624.1	32.022	178	111	5	26	201	17704	17195	2.39e-17	87.0	48.88	0/-2
McdA	NZ_CP016278.1	35.795	176	104	5	26	201	973475	973975	2.42e-17	87.0	47.73	0/2
McdA	NZ_CP016278.1	34.659	176	106	5	26	201	809398	809898	1.01e-16	85.1	48.30	0/1
McdA	NZ_CP016278.1	34.659	176	106	5	26	201	1632202	1631702	1.04e-16	85.1	48.30	0/-2
McdA	NZ_CP016278.1	58.140	43	17	1	26	68	3192636	3192511	2.84e-05	51.2	74.42	0/-3
McdA	NZ_CP014844.1	35.227	176	105	5	26	201	3130372	3130872	2.42e-17	87.0	47.73	0/1
McdA	NZ_CP014844.1	60.465	43	16	1	26	68	142636	142511	4.60e-05	50.4	72.09	0/-1
McdA	NZ_JHYR01000005.1	35.795	176	104	5	26	201	186361	186861	2.46e-17	87.0	47.73	0/1
McdA	NZ_FCOJ02000012.1	31.373	204	130	5	26	227	77950	77363	2.48e-17	87.0	46.57	0/-2
McdA	NZ_PDUW01000002.1	34.091	176	107	5	26	201	706942	707442	2.51e-17	87.0	48.86	0/1
McdA	NZ_FCOC02000001.1	35.795	176	104	5	26	201	212527	212027	2.56e-17	87.0	47.73	0/-2
McdA	NZ_WTVM01000050.1	36.364	176	103	5	26	201	5237	4737	2.71e-17	86.7	47.73	0/-3
McdA	NZ_FCON02000018.1	30.392	204	132	5	26	227	44910	44323	2.75e-17	86.7	46.57	0/-3
McdA	NZ_CADFFU010000013.1	31.373	204	130	5	26	227	127224	126637	2.75e-17	86.7	46.57	0/-1
McdA	NC_008762.1	32.178	202	125	6	26	227	5969	5400	2.94e-17	86.7	50.99	0/-1
McdA	NZ_CP021762.1	35.227	176	105	5	26	201	2808928	2808428	3.03e-17	86.7	48.30	0/-1
McdA	NZ_CP021762.1	58.140	43	17	1	26	68	3589179	3589054	6.22e-05	50.1	72.09	0/-2
McdA	NZ_JACHHM010000002.1	35.227	176	105	5	26	201	59818	60318	3.09e-17	86.7	48.30	0/1
McdA	NZ_CP017476.1	35.795	176	104	5	26	201	3338009	3338509	3.09e-17	86.7	47.16	0/2
McdA	NZ_JACCEU010000001.1	35.227	176	105	5	26	201	750112	749612	3.15e-17	86.7	48.30	0/-1
McdA	NZ_LR025742.1	35.227	176	105	5	26	201	953019	952519	3.15e-17	86.7	48.30	0/-1
McdA	NZ_LR025742.1	35.227	176	105	5	26	201	1290653	1290153	3.84e-17	86.3	48.30	0/-2
McdA	NZ_LR025742.1	33.523	176	108	5	26	201	656890	657390	3.09e-16	84.0	47.16	0/1
McdA	NZ_JFHE01000007.1	31.373	204	130	5	26	227	44086	44673	3.36e-17	86.7	46.57	0/1
McdA	NZ_FNJL01000011.1	36.585	164	97	4	26	189	157752	158222	3.52e-17	86.7	45.73	0/3
McdA	NZ_FCOA02000011.1	32.022	178	111	5	26	201	68892	69401	3.73e-17	86.3	47.19	0/3
McdA	NZ_FCOB02000037.1	32.022	178	111	5	26	201	29172	28663	3.75e-17	86.3	47.19	0/-1
McdA	NZ_CADIKT010000010.1	35.227	176	105	5	26	201	16474	15974	3.91e-17	86.3	48.30	0/-2
McdA	NZ_FCOE02000007.1	31.373	204	130	5	26	227	141401	140814	3.99e-17	86.3	46.57	0/-2
McdA	NZ_FNQJ01000025.1	34.659	176	106	5	26	201	14987	15487	4.11e-17	86.3	48.30	0/2
McdA	NZ_CP054626.1	35.227	176	105	5	26	201	2760964	2760464	4.11e-17	86.3	48.30	0/-2
McdA	NZ_CP054626.1	60.465	43	16	1	26	68	3249974	3249849	4.56e-05	50.4	72.09	0/-1
McdA	NZ_JACCDB010000006.1	35.227	176	105	5	26	201	144190	143690	4.33e-17	86.3	48.30	0/-2
McdA	NC_021294.1	32.022	178	111	5	26	201	458	967	4.39e-17	86.3	47.19	0/2
McdA	NZ_RCHJ01000036.1	33.523	176	110	5	26	201	27564	27058	4.49e-17	86.3	47.73	0/-3
McdA	NZ_JACHHM010000014.1	34.659	176	106	5	26	201	39857	39357	4.70e-17	86.3	48.30	0/-3
McdA	NZ_BMYP01000039.1	35.795	176	104	5	26	201	11094	10594	4.86e-17	86.3	47.16	0/-2
McdA	NZ_CADFFX010000006.1	32.022	178	111	5	26	201	80768	81277	5.01e-17	86.3	47.19	0/2
McdA	NZ_FONX01000002.1	35.795	176	104	5	26	201	409195	408695	5.01e-17	86.3	48.30	0/-1
McdA	NZ_FONX01000002.1	58.140	43	17	1	26	68	39399	39524	8.09e-05	49.7	72.09	0/3
McdA	NZ_QKWJ01000006.1	32.022	178	111	5	26	201	63509	64018	5.20e-17	85.9	48.88	0/2
McdA	NZ_FCOX02000012.1	31.373	204	130	5	26	227	128823	128236	5.87e-17	85.9	46.57	0/-3
McdA	NZ_OCSU01000001.1	31.461	178	112	5	26	201	2363649	2364158	6.29e-17	85.9	47.19	0/3
McdA	NZ_NOIH01000003.1	34.000	200	124	5	26	225	725037	724462	6.72e-17	85.9	51.50	0/-2
McdA	NZ_LT907988.1	34.659	176	106	5	26	201	2959641	2959141	8.05e-17	85.5	47.73	0/-3
McdA	NZ_LT907988.1	35.795	176	104	5	26	201	1419682	1420182	9.28e-17	85.1	48.30	0/1
McdA	NZ_LT907988.1	60.465	43	16	1	26	68	142936	142811	7.53e-05	50.1	69.77	0/-2
McdA	NZ_PRDW01000006.1	29.412	204	133	5	26	227	130077	129493	8.26e-17	85.5	46.08	0/-1
McdA	NC_008752.1	34.659	176	106	5	26	201	747666	748166	9.02e-17	85.5	48.30	0/3
McdA	NC_008752.1	58.140	43	17	1	26	68	60069	60194	2.28e-05	51.6	74.42	0/3
McdA	NZ_VCIZ01000015.1	30.899	178	113	5	26	201	84230	84739	9.08e-17	85.5	50.00	0/2
McdA	NZ_CP009830.1	32.692	156	99	3	27	182	179320	179769	9.54e-17	85.1	48.72	0/1
McdA	NZ_AP018359.1	32.692	156	99	3	27	182	3120	2671	9.91e-17	85.1	48.72	0/-3
McdA	NZ_AXVM01000002.1	34.659	176	106	5	26	201	42516	42016	1.00e-16	85.1	48.30	0/-2
McdA	NZ_BAXZ01000003.1	35.227	176	105	5	26	201	392191	392691	1.03e-16	85.1	47.16	0/1
McdA	NZ_JACBYU010000005.1	30.899	178	113	5	26	201	138887	138378	1.06e-16	85.1	50.00	0/-1
McdA	NZ_CP017755.1	30.899	178	113	5	26	201	41353	41862	1.10e-16	85.1	49.44	0/1
McdA	NZ_VZOW01000022.1	30.899	178	113	5	26	201	64165	63656	1.13e-16	85.1	50.00	0/-2
McdA	NZ_CP025682.1	33.500	200	119	5	26	225	2241802	2242359	1.14e-16	85.1	52.00	0/1
McdA	NZ_CP016440.1	34.659	176	106	5	26	201	2578133	2577633	1.18e-16	85.1	47.16	0/-3
McdA	NZ_CP016440.1	34.659	176	106	5	26	201	2660948	2660448	2.94e-16	84.0	47.73	0/-3
McdA	NZ_CP016440.1	60.465	43	16	1	26	68	4459066	4458941	4.52e-05	50.4	69.77	0/-1
McdA	NZ_JACHWG010000005.1	31.461	178	112	5	26	201	156050	155541	1.35e-16	84.7	49.44	0/-1
McdA	NZ_CP039288.1	31.461	178	112	5	26	201	3235	3744	1.43e-16	84.7	49.44	0/1
McdA	NZ_CP032518.1	32.298	161	100	4	26	184	1660277	1660738	1.45e-16	84.7	50.31	0/2
McdA	NZ_CP014845.1	31.461	178	112	5	26	201	2289908	2290417	1.46e-16	84.7	49.44	0/2
McdA	NZ_PPPS01000051.1	32.298	161	100	4	26	184	63092	62631	1.49e-16	84.7	50.31	0/-1
McdA	NZ_CP009794.1	32.692	156	99	3	27	182	336519	336070	1.50e-16	84.7	48.72	0/-2
McdA	NZ_CABVPX010000055.1	32.692	156	99	3	27	182	19865	19416	1.51e-16	84.7	48.72	0/-2
McdA	NZ_AUGX01000001.1	34.659	176	106	5	26	201	196372	195872	1.53e-16	84.7	46.59	0/-3
McdA	NZ_KI912532.1	35.795	176	104	5	26	201	1592123	1591623	1.58e-16	84.7	47.16	0/-3
McdA	NZ_KI912532.1	58.140	43	17	1	26	68	1011393	1011268	3.73e-05	50.8	72.09	0/-2
McdA	NZ_CABVQD010000025.1	32.692	156	99	3	27	182	68295	68744	1.60e-16	84.7	48.72	0/3
McdA	NZ_CADFDQ010000014.1	32.692	156	99	3	27	182	130404	130853	1.60e-16	84.7	48.72	0/3
McdA	NZ_CABVLY010000011.1	32.692	156	99	3	27	182	176252	176701	1.62e-16	84.7	48.72	0/2
McdA	NZ_CP013399.1	32.692	156	99	3	27	182	700479	700030	1.62e-16	84.7	48.72	0/-2
McdA	NZ_LR025744.1	32.692	156	99	3	27	182	610092	610541	1.62e-16	84.7	48.72	0/3
McdA	NZ_LR025744.1	27.152	151	102	5	26	176	1156882	1157310	2.44e-06	54.3	45.70	0/1
McdA	NZ_SDKK01000039.1	33.152	184	114	5	18	201	11930	11406	1.66e-16	84.7	46.20	0/-3
McdA	NC_010530.1	31.461	178	112	5	26	201	1886	2395	1.67e-16	84.7	49.44	0/2
McdA	NZ_LT984807.1	31.461	178	112	5	26	201	2795096	2794587	1.67e-16	84.7	49.44	0/-1
McdA	NC_008757.1	33.152	184	114	5	18	201	38630	39154	1.68e-16	84.7	46.20	0/2
McdA	NZ_QMFZ01000046.1	32.692	156	99	3	27	182	50286	50735	1.69e-16	84.3	48.72	0/3
McdA	NZ_CP045237.1	32.692	156	99	3	27	182	788557	788108	1.70e-16	84.3	48.72	0/-3
McdA	NZ_CADFCT010000002.1	32.692	156	99	3	27	182	55859	55410	1.70e-16	84.3	48.72	0/-1
McdA	NZ_CADEVI010000032.1	32.692	156	99	3	27	182	40769	41218	1.72e-16	84.3	48.72	0/2
McdA	NZ_CP062808.1	35.795	176	104	5	26	201	70630	70130	1.72e-16	84.3	47.73	0/-3
McdA	NZ_CP011505.1	32.692	156	99	3	27	182	999101	999550	1.73e-16	84.3	48.72	0/2
McdA	NZ_CADIKG010000027.1	32.692	156	99	3	27	182	18619	18170	1.74e-16	84.3	48.72	0/-1
McdA	NZ_PVLQ01000023.1	35.227	176	105	5	26	201	118701	118201	1.74e-16	84.3	47.73	0/-2
McdA	NC_014718.1	29.412	204	133	5	26	227	769996	769412	1.77e-16	84.3	46.57	0/-1
McdA	NZ_JACWNE010000003.1	32.022	178	111	5	26	201	826078	825569	1.80e-16	84.3	50.56	0/-2
McdA	NZ_BKDH01000001.1	39.412	170	96	4	26	195	677014	677502	1.80e-16	84.3	48.24	0/1
McdA	NZ_LOYT01000027.1	32.692	156	99	3	27	182	102782	103231	1.90e-16	84.3	48.72	0/2
McdA	NZ_CP013451.1	32.692	156	99	3	27	182	896532	896981	2.05e-16	84.3	48.72	0/3
McdA	NZ_CADFCV010000012.1	32.692	156	99	3	27	182	168110	168559	2.09e-16	84.3	48.72	0/2
McdA	NZ_RJVL01000007.1	35.795	176	104	5	26	201	145577	145077	2.15e-16	84.3	47.16	0/-3
McdA	NZ_FKBS01000029.1	35.227	176	105	5	26	201	395349	394849	2.26e-16	84.3	47.73	0/-1
McdA	NZ_CP020739.1	32.692	156	99	3	27	182	113836	114285	2.55e-16	84.0	48.72	0/1
McdA	NZ_CP019236.1	38.824	170	97	4	26	195	742469	741981	2.60e-16	84.0	47.65	0/-2
McdA	NZ_CP019236.1	55.814	43	18	1	26	68	109090	109215	4.90e-05	50.4	72.09	0/1
McdA	NZ_CABPSM010000029.1	38.000	150	86	4	26	175	10014	10442	3.03e-16	84.0	48.00	0/3
McdA	NZ_FCNZ02000001.1	30.392	204	132	5	26	227	192378	191791	3.11e-16	83.6	46.57	0/-3
McdA	NZ_CP021763.1	32.022	178	111	5	26	201	3740	4249	3.30e-16	83.6	50.00	0/2
McdA	NZ_WTVN01000016.1	33.500	200	123	6	27	225	66919	66347	3.31e-16	83.6	49.50	0/-1
McdA	NZ_CP016023.1	32.584	178	110	5	26	201	1486016	1486525	3.59e-16	83.6	49.44	0/2
McdA	NZ_CADERN010000020.1	32.692	156	99	3	27	182	36688	36239	4.12e-16	83.6	48.72	0/-3
McdA	NZ_CP013460.1	32.051	156	100	3	27	182	242722	242273	4.42e-16	83.2	48.72	0/-3
McdA	NZ_CABKQE010000002.1	33.146	178	109	5	26	201	548220	548729	4.64e-16	83.2	49.44	0/3
McdA	NZ_CP033936.1	34.091	176	107	5	26	201	2829395	2828895	4.77e-16	83.2	48.30	0/-2
McdA	NZ_CP033936.1	58.140	43	17	1	26	68	3939542	3939417	2.64e-05	51.2	72.09	0/-2
McdA	NZ_LOWI01000010.1	32.692	156	99	3	27	182	22584	22135	4.84e-16	83.2	48.72	0/-2
McdA	NZ_CP013402.1	32.692	156	99	3	27	182	12236	12685	5.00e-16	83.2	48.72	0/2
McdA	NZ_PPPS01000008.1	32.323	198	127	5	26	223	3761	4333	9.60e-16	82.4	47.98	0/2
McdA	NZ_CP011258.1	32.022	178	111	5	26	201	216604	216095	1.20e-15	82.0	49.44	0/-3
McdA	NZ_AMXF01000005.1	34.659	176	106	5	26	201	31500	32000	1.22e-15	82.0	47.16	0/3
McdA	NZ_WTVK01000040.1	30.841	214	112	7	26	225	43840	43265	1.99e-15	81.3	47.20	0/-3
McdA	NZ_FOMQ01000004.1	36.000	150	89	4	26	175	17308	16880	2.29e-15	81.3	48.00	0/-2
McdA	NZ_CP012944.1	31.461	178	112	5	26	201	2000855	2000346	2.49e-15	81.3	48.88	0/-3
McdA	NC_012791.1	38.235	170	98	4	26	195	2230770	2231258	2.69e-15	80.9	47.65	0/3
McdA	NZ_CADIKB010000008.1	34.659	176	106	5	26	201	20271	20771	3.18e-15	80.9	47.73	0/3
McdA	NZ_CP065749.1	34.659	176	106	5	26	201	252140	251640	3.19e-15	80.9	47.73	0/-3
McdA	NZ_FOGD01000020.1	31.461	178	110	5	26	201	14013	13510	3.47e-15	80.5	46.63	0/-2
McdA	NC_023018.2	34.091	176	107	5	26	201	1235421	1235921	4.48e-15	80.5	46.59	0/3
McdA	NC_023018.2	60.465	43	16	1	26	68	5308178	5308053	2.66e-05	51.2	69.77	0/-3
McdA	NZ_CP013415.1	34.783	161	100	3	26	186	24537	24070	6.84e-15	79.7	44.10	0/-2
McdA	NZ_CP027669.1	36.364	176	103	5	26	201	3394565	3395065	7.12e-15	79.7	48.30	0/2
McdA	NZ_CP027669.1	60.465	43	16	1	26	68	1525069	1524944	1.10e-05	52.4	74.42	0/-2
McdA	NZ_CADIKM010000014.1	33.540	161	98	4	26	184	65989	65528	1.24e-14	79.0	47.83	0/-2
McdA	NZ_CP023422.1	33.333	204	126	6	26	228	1545895	1545311	1.44e-14	79.0	50.49	0/-1
McdA	NZ_JTDB02000006.1	33.143	175	110	4	26	200	411783	412286	1.76e-14	78.6	43.43	0/3
McdA	NZ_VMNK01000009.1	33.990	203	126	5	26	228	141075	140491	2.49e-14	78.2	49.26	0/-1
McdA	NZ_CADIKL010000026.1	33.143	175	110	4	26	200	2509	2006	2.55e-14	78.2	43.43	0/-3
McdA	NZ_QEOB01000008.1	32.571	175	111	4	26	200	2421	1918	3.31e-14	77.8	42.86	0/-3
McdA	NZ_PVUA01000011.1	33.143	175	110	4	26	200	227466	227969	3.63e-14	77.8	43.43	0/3
McdA	NZ_BAYD01000055.1	33.143	175	110	4	26	200	2646	2143	3.65e-14	77.8	43.43	0/-1
McdA	NZ_BAYA01000046.1	33.143	175	110	4	26	200	30130	30633	4.60e-14	77.4	43.43	0/1
McdA	NZ_NWBQ01000013.1	28.977	176	117	4	26	201	21036	21539	4.72e-14	77.4	44.89	0/3
McdA	NZ_RBZU01000010.1	31.250	160	103	4	26	184	271861	271400	4.82e-14	77.4	46.88	0/-1
McdA	NZ_AXAN01000072.1	33.540	161	102	3	26	186	19139	19606	5.54e-14	77.0	42.86	0/2
McdA	NZ_CP049137.1	33.143	175	110	4	26	200	694713	695216	6.46e-14	77.0	43.43	0/3
McdA	NZ_CP011518.2	33.835	133	84	3	26	158	47876	48262	6.71e-14	77.0	50.38	0/2
McdA	NZ_FMYQ01000028.1	33.540	161	102	3	26	186	108359	108826	9.38e-14	76.6	42.86	0/2
McdA	NZ_JAFA01000048.1	33.540	161	102	3	26	186	2652	2185	9.70e-14	76.3	42.86	0/-3
McdA	NZ_QJSQ01000051.1	33.540	161	102	3	26	186	2431	1964	9.93e-14	76.3	42.86	0/-2
McdA	NZ_BBJH01000025.1	33.540	161	102	3	26	186	2347	1880	9.94e-14	76.3	42.86	0/-3
McdA	NZ_BAXZ01000008.1	33.143	175	110	4	26	200	77840	78343	1.00e-13	76.3	42.86	0/2
McdA	NZ_SMOD01000049.1	33.540	161	102	3	26	186	18337	17870	1.07e-13	76.3	42.86	0/-3
McdA	NZ_BAYB01000031.1	33.540	161	102	3	26	186	2840	2373	1.45e-13	75.9	42.24	0/-3
McdA	NZ_AGUF01000072.1	32.955	176	105	6	26	201	2856	2368	2.39e-13	75.1	48.30	0/-2
McdA	NZ_FNSR01000003.1	33.540	161	102	3	26	186	248269	248736	5.73e-13	74.3	41.61	0/1
McdA	NZ_SNZE01000038.1	31.250	176	108	5	26	201	6059	6547	6.47e-13	73.9	46.59	0/2
McdA	NZ_FCOA02000007.1	29.944	177	115	5	26	201	100091	99585	7.17e-13	73.9	44.07	0/-2
McdA	NZ_JACOFV010000030.1	30.682	176	109	6	26	201	129	617	8.55e-13	73.6	48.30	0/3
McdA	NZ_AP021883.1	31.818	176	107	6	26	201	10602	11090	1.23e-12	73.2	47.73	0/3
McdA	NZ_FCOJ02000021.1	31.098	164	106	4	26	188	76926	76453	1.52e-12	72.8	42.68	0/-2
McdA	NZ_FCOI02000056.1	31.098	164	106	4	26	188	20583	20110	1.58e-12	72.8	42.68	0/-3
McdA	NZ_FCNY02000010.1	31.098	164	106	4	26	188	136882	137355	1.62e-12	72.8	42.68	0/1
McdA	NZ_JFHE01000031.1	31.098	164	106	4	26	188	48447	48920	1.66e-12	72.8	42.68	0/3
McdA	NZ_FCNX02000022.1	31.098	164	106	4	26	188	95668	96141	1.75e-12	72.8	42.68	0/1
McdA	NZ_AP014570.1	32.571	175	105	6	26	200	15190	15675	1.78e-12	72.8	48.57	0/1
McdA	NC_008763.1	32.178	202	124	6	26	227	2477	1911	2.01e-12	72.4	49.01	0/-3
McdA	NZ_CABVPX010000063.1	32.000	175	106	6	26	200	10641	10156	2.18e-12	72.4	48.00	0/-3
McdA	NZ_CP016441.1	27.500	200	133	5	26	223	2447	3016	3.21e-12	72.0	42.00	0/2
McdA	NZ_VOID02000525.1	32.759	174	99	6	26	198	490	20	3.29e-12	71.2	46.55	0/-2
McdA	NZ_CP019240.1	29.798	198	127	5	26	223	2325399	2324842	3.68e-12	71.6	46.46	0/-3
McdA	NZ_CP019240.1	55.814	43	18	1	26	68	238632	238507	4.73e-05	50.4	72.09	0/-3
McdA	NZ_SNYL01000024.1	32.386	176	106	6	26	201	1449	961	4.66e-12	71.6	47.73	0/-1
McdA	NZ_CADFGU010000012.1	35.246	122	75	3	26	146	196051	195695	5.93e-12	71.2	49.18	0/-3
McdA	NZ_NWBQ01000072.1	28.283	198	132	4	26	223	25196	25759	7.07e-12	70.9	45.96	0/2
McdA	NZ_FCOA02000062.1	34.667	150	87	5	26	175	8716	8300	1.09e-11	70.5	48.67	0/-1
McdA	NZ_QQHX01000010.1	27.329	161	111	4	26	186	557	1021	1.37e-11	70.1	47.20	0/2
McdA	NZ_FNFX01000007.1	34.000	150	89	5	26	175	3992	3573	1.75e-11	69.7	48.67	0/-3
McdA	NZ_JACCEU010000016.1	34.000	150	89	5	26	175	22401	21982	1.77e-11	69.7	48.67	0/-3
McdA	NZ_BAYA01000045.1	31.034	174	110	7	26	198	28467	28961	4.61e-11	68.6	47.70	0/3
McdA	NZ_BJNV01000027.1	30.818	159	104	3	26	184	53665	53207	6.12e-11	68.2	44.03	0/-2
McdA	NZ_CP035903.1	38.017	121	69	3	26	146	55805	55461	7.63e-11	67.8	47.93	0/-3
McdA	NZ_CADIKH010000033.1	30.909	165	106	5	26	189	18527	18054	9.51e-11	67.8	44.24	0/-3
McdA	NZ_JABXYJ010000008.1	31.707	123	80	3	26	147	106221	105862	1.40e-10	67.0	48.78	0/-1
McdA	NZ_CP022992.1	30.488	164	106	5	26	188	155125	154655	3.07e-10	66.2	45.73	0/-2
McdA	NC_017965.1	28.571	133	93	2	26	158	41140	41532	3.35e-10	65.9	48.12	0/1
McdA	NZ_BMYK01000013.1	31.481	162	102	5	40	201	73394	72936	4.95e-09	62.4	43.83	0/-2
McdA	NZ_WTVM01000151.1	36.066	122	70	3	26	146	5212	5556	5.35e-09	62.4	46.72	0/1
McdA	NC_008758.1	31.707	123	77	3	26	146	34841	34488	1.15e-08	61.2	44.72	0/-1
McdA	NZ_KL448326.1	31.707	123	77	3	26	146	135609	135962	1.61e-08	60.8	44.72	0/3
McdA	NZ_CADEPJ010000098.1	26.543	162	109	4	26	187	9380	8925	2.51e-08	60.5	43.83	0/-1
McdA	NZ_CABPRY010000006.1	29.139	151	99	5	26	176	27680	28108	2.97e-08	60.1	45.03	0/2
McdA	NZ_SWAR01000009.1	33.065	124	75	3	26	149	104433	104780	3.11e-08	60.1	43.55	0/3
McdA	NZ_CABPRU010000011.1	29.139	151	99	5	26	176	176656	177084	3.14e-08	60.1	45.03	0/1
McdA	NZ_FCOF02000094.1	28.293	205	137	7	26	226	1228	632	3.22e-08	60.1	42.44	0/-3
McdA	NZ_LOWI01000046.1	31.902	163	106	3	26	188	33068	33541	5.12e-08	59.3	44.17	0/2
McdA	NZ_LQQU01000012.1	32.593	135	83	3	26	159	3718	3335	2.23e-07	57.4	41.48	0/-2
McdA	NZ_PVLQ01000027.1	32.836	134	81	2	26	159	172549	172923	2.47e-07	57.4	43.28	0/1
McdA	NZ_NBSN01000001.1	27.152	151	102	5	26	176	141074	140646	2.68e-07	57.4	45.03	0/-1
McdA	NZ_SWKN01000006.1	32.773	119	74	3	26	144	24326	23988	2.89e-07	57.4	47.06	0/-3
McdA	NZ_SWKN01000006.1	60.465	43	16	1	26	68	531479	531354	6.75e-05	50.1	69.77	0/-3
McdA	NZ_NOIH01000004.1	29.139	151	104	2	26	176	8783	9226	3.68e-07	57.0	41.06	0/2
McdA	NZ_PVLR01000024.1	32.090	134	82	2	26	159	52826	53200	4.05e-07	56.6	43.28	0/2
McdA	NZ_JACHGB010000002.1	32.836	134	82	2	26	159	281507	281884	7.73e-07	55.8	44.78	0/2
McdA	NZ_JACCDB010000002.1	30.286	175	107	5	26	200	8447	7968	9.82e-07	55.5	44.57	0/-1
McdA	NZ_AP018360.1	27.152	151	102	5	26	176	404505	404933	2.44e-06	54.3	45.70	0/3
McdA	NZ_FNYE01000063.1	28.659	164	109	4	26	189	3179	2712	2.63e-06	54.3	41.46	0/-3
McdA	NZ_CP047651.1	60.870	46	17	1	26	71	18539	18673	2.66e-06	54.3	73.91	0/2
McdA	NZ_CP031699.1	65.116	43	14	1	26	68	831598	831473	3.16e-06	53.9	74.42	0/-1
McdA	NZ_CP059563.1	62.791	43	15	1	26	68	1190610	1190735	3.40e-06	53.9	72.09	0/3
McdA	NZ_FMYQ01000047.1	28.659	164	109	4	26	189	3734	3267	3.68e-06	53.9	41.46	0/-3
McdA	NZ_PQSP01000011.1	62.791	43	15	1	26	68	38272	38147	3.92e-06	53.9	76.74	0/-1
McdA	NZ_JQKE01000069.1	67.442	43	13	1	26	68	11836	11961	4.80e-06	53.5	74.42	0/1
McdA	NZ_KB905145.1	60.465	43	16	1	26	68	65811	65936	5.46e-06	53.5	72.09	0/3
McdA	NZ_HG426962.1	62.791	43	15	1	26	68	1235420	1235295	5.94e-06	53.1	76.74	0/-2
McdA	NZ_PNYA01000024.1	30.151	199	123	8	26	221	115899	116456	6.03e-06	53.1	45.73	0/3
McdA	NZ_BMYP01000028.1	62.791	43	15	1	26	68	16486	16361	6.10e-06	53.1	76.74	0/-3
McdA	NZ_LR134533.1	67.442	43	13	1	26	68	1091450	1091325	6.16e-06	53.1	74.42	0/-3
McdA	NZ_CP040946.1	60.465	43	16	1	26	68	2595152	2595027	6.28e-06	53.1	72.09	0/-3
McdA	NZ_LR778301.1	60.465	43	16	1	26	68	3995701	3995826	6.39e-06	53.1	79.07	0/1
McdA	NZ_FNFX01000004.1	60.465	43	16	1	26	68	312471	312346	7.46e-06	52.8	72.09	0/-1
McdA	NZ_QPGB01000004.1	62.791	43	15	1	26	68	87384	87509	7.52e-06	52.8	74.42	0/3
McdA	NZ_JACYOX010000027.1	62.791	43	15	1	26	68	75449	75574	7.64e-06	52.8	74.42	0/2
McdA	NZ_CP020121.1	60.465	43	16	1	26	68	1180071	1179946	7.75e-06	52.8	74.42	0/-2
McdA	NZ_PXYY01000068.1	60.465	43	16	1	26	68	2626	2501	8.46e-06	52.8	74.42	0/-2
McdA	NZ_AUHR01000001.1	65.116	43	14	1	26	68	95193	95068	8.56e-06	52.8	74.42	0/-2
McdA	NZ_JBOK01000002.1	60.465	43	16	1	26	68	80772	80647	8.80e-06	52.8	74.42	0/-2
McdA	NZ_KE386938.1	60.465	43	16	1	26	68	95455	95580	9.03e-06	52.8	76.74	0/1
McdA	NZ_CP007501.1	53.333	45	21	0	27	71	459406	459540	9.22e-06	52.8	71.11	0/1
McdA	NZ_FKBS01000006.1	60.465	43	16	1	26	68	4236	4111	9.29e-06	52.8	74.42	0/-3
McdA	NZ_CP019448.1	60.465	43	16	1	26	68	1958014	1958139	9.48e-06	52.8	74.42	0/1
McdA	NZ_JACOFT010000003.1	60.870	46	16	2	26	71	554493	554624	1.08e-05	52.4	78.26	0/3
McdA	NZ_UFSO01000003.1	60.465	43	16	1	26	68	333816	333941	1.08e-05	52.4	74.42	0/3
McdA	NZ_PYAL01000005.1	62.791	43	15	1	26	68	101011	101136	1.11e-05	52.4	72.09	0/1
McdA	NZ_AQXU01000025.1	62.791	43	15	1	26	68	938372	938247	1.11e-05	52.4	74.42	0/-2
McdA	NZ_KB905947.1	60.465	43	16	1	26	68	51902	51777	1.14e-05	52.4	74.42	0/-2
McdA	NZ_VJNB01000006.1	62.791	43	15	1	26	68	35240	35115	1.15e-05	52.4	74.42	0/-1
McdA	NZ_AUAP01000001.1	58.140	43	17	1	26	68	211294	211169	1.18e-05	52.4	72.09	0/-3
McdA	NZ_SMOD01000037.1	27.044	159	108	4	26	184	46100	46552	1.23e-05	52.4	40.25	0/2
McdA	NZ_BCTC01000074.1	62.791	43	15	1	26	68	12503	12378	1.23e-05	52.4	72.09	0/-1
McdA	NZ_QXJC01000005.1	60.465	43	16	1	26	68	43861	43986	1.23e-05	52.4	74.42	0/1
McdA	NZ_PVLQ01000017.1	50.980	51	24	1	18	68	17889	17740	1.24e-05	52.4	64.71	0/-2
McdA	NZ_UGQS01000002.1	62.791	43	15	1	26	68	1511573	1511698	1.30e-05	52.4	74.42	0/2
McdA	NZ_BMXQ01000001.1	60.465	43	16	1	26	68	3819811	3819936	1.31e-05	52.4	72.09	0/1
McdA	NZ_LXSL01000030.1	62.791	43	15	1	26	68	30733	30858	1.31e-05	52.4	74.42	0/1
McdA	NZ_KB894766.1	58.140	43	17	1	26	68	471006	471131	1.32e-05	52.4	72.09	0/3
McdA	NZ_CP059567.1	65.116	43	14	1	26	68	130499	130374	1.32e-05	52.4	74.42	0/-3
McdA	NZ_SNXW01000005.1	58.140	43	17	1	26	68	101096	100971	1.36e-05	52.0	72.09	0/-1
McdA	NZ_JYKA01000004.1	65.116	43	14	1	26	68	193634	193509	1.36e-05	52.0	74.42	0/-3
McdA	NZ_AP012547.1	62.791	43	15	1	26	68	3795269	3795144	1.38e-05	52.0	74.42	0/-3
McdA	NZ_BAXZ01000006.1	27.647	170	113	5	26	195	159944	160423	1.43e-05	52.0	39.41	0/2
McdA	NZ_FXAG01000003.1	65.116	43	14	1	26	68	282274	282149	1.44e-05	52.0	74.42	0/-1
McdA	NZ_FOVE01000013.1	62.791	43	15	1	26	68	91580	91455	1.46e-05	52.0	74.42	0/-3
McdA	NZ_LNQV01000005.1	65.116	43	14	1	26	68	129403	129278	1.47e-05	52.0	74.42	0/-2
McdA	NZ_CP051461.1	55.814	43	18	1	26	68	11494	11369	1.47e-05	52.0	74.42	0/-2
McdA	NZ_QJKC01000010.1	65.116	43	14	1	26	68	158157	158032	1.49e-05	52.0	74.42	0/-3
McdA	NZ_JACCFH010000001.1	60.465	43	16	1	26	68	1946762	1946637	1.51e-05	52.0	72.09	0/-2
McdA	NC_007298.1	60.465	43	16	1	26	68	4405214	4405339	1.52e-05	52.0	74.42	0/2
McdA	NZ_CP029495.1	65.116	43	14	1	26	68	1270725	1270600	1.55e-05	52.0	74.42	0/-3
McdA	NZ_CP047241.1	65.116	43	14	1	26	68	154401	154526	1.57e-05	52.0	74.42	0/3
McdA	NZ_FPKR01000012.1	62.791	43	15	1	26	68	172466	172591	1.59e-05	52.0	76.74	0/2
McdA	NZ_AUCQ01000003.1	60.465	43	16	1	26	68	74789	74914	1.67e-05	52.0	72.09	0/2
McdA	NZ_JACHGB010000005.1	62.791	43	15	1	26	68	173333	173208	1.68e-05	52.0	74.42	0/-2
McdA	NZ_VTTH01000007.1	60.465	43	16	1	26	68	264772	264647	1.73e-05	52.0	74.42	0/-2
McdA	NZ_QGUB01000003.1	60.465	43	16	1	26	68	243892	244017	1.73e-05	52.0	74.42	0/1
McdA	NZ_PVLR01000005.1	58.140	43	17	1	26	68	18713	18838	1.76e-05	52.0	74.42	0/2
McdA	NZ_LT906482.1	62.791	43	15	1	26	68	985674	985549	1.76e-05	52.0	74.42	0/-1
McdA	NZ_CP038018.1	62.791	43	15	1	26	68	1763042	1763167	1.80e-05	51.6	74.42	0/2
McdA	NZ_LXSQ01000028.1	62.791	43	15	1	26	68	31546	31421	1.82e-05	51.6	74.42	0/-3
McdA	NZ_SMLM01000001.1	58.140	43	17	1	26	68	1822616	1822491	1.83e-05	51.6	72.09	0/-3
McdA	NZ_AJHH01000087.1	60.465	43	16	1	26	68	14173	14048	1.85e-05	51.6	74.42	0/-1
McdA	NZ_BMCG01000004.1	62.791	43	15	1	26	68	13926	14051	1.88e-05	51.6	72.09	0/3
McdA	NZ_LFYT02000001.1	58.140	43	17	1	26	68	182972	182847	1.88e-05	51.6	74.42	0/-3
McdA	NZ_VJON01000006.1	62.791	43	15	1	26	68	83111	82986	1.92e-05	51.6	74.42	0/-1
McdA	NZ_CABPSA010000002.1	60.465	43	16	1	26	68	253410	253285	1.97e-05	51.6	69.77	0/-1
McdA	NZ_CP028339.1	58.140	43	17	1	29	71	2648236	2648111	2.01e-05	51.6	76.74	0/-2
McdA	NZ_CP028339.1	58.140	43	17	1	26	68	128213	128338	3.98e-05	50.8	69.77	0/2
McdA	NZ_CABPSK010000002.1	60.465	43	16	1	26	68	230529	230404	2.02e-05	51.6	69.77	0/-2
McdA	NZ_LT841148.1	58.140	43	17	1	26	68	451443	451318	2.04e-05	51.6	76.74	0/-1
McdA	NZ_QXMG01000019.1	62.791	43	15	1	26	68	73479	73604	2.05e-05	51.6	74.42	0/3
McdA	NZ_CP011253.3	60.465	43	16	1	26	68	5533670	5533545	2.06e-05	51.6	69.77	0/-3
McdA	NZ_CABPSN010000009.1	60.465	43	16	1	26	68	239694	239569	2.08e-05	51.6	69.77	0/-3
McdA	NZ_LJGO01000100.1	53.061	49	22	1	20	68	66978	67121	2.10e-05	51.6	67.35	0/3
McdA	NZ_CABPRZ010000011.1	60.465	43	16	1	26	68	120306	120431	2.11e-05	51.6	69.77	0/3
McdA	NZ_CP047385.1	60.465	43	16	1	26	68	5512595	5512470	2.14e-05	51.6	69.77	0/-1
McdA	NZ_CABPSF010000001.1	60.465	43	16	1	26	68	25013	24888	2.16e-05	51.6	69.77	0/-1
McdA	NZ_CP010897.2	60.465	43	16	1	26	68	5548080	5547955	2.16e-05	51.6	69.77	0/-3
McdA	NZ_CP013480.3	60.465	43	16	1	26	68	6086415	6086290	2.16e-05	51.6	69.77	0/-1
McdA	NZ_CABPSM010000006.1	60.465	43	16	1	26	68	232696	232571	2.17e-05	51.6	69.77	0/-3
McdA	NZ_VFAH01000001.1	58.140	43	17	1	26	68	356165	356040	2.18e-05	51.6	74.42	0/-2
McdA	NZ_CP010310.2	60.465	43	16	1	26	68	5788275	5788150	2.18e-05	51.6	69.77	0/-3
McdA	NZ_CABPSQ010000007.1	60.465	43	16	1	26	68	10088	10213	2.19e-05	51.6	69.77	0/2
McdA	NZ_CP017707.1	65.116	43	14	1	26	68	2590212	2590087	2.20e-05	51.6	74.42	0/-1
McdA	NZ_JTKY01000086.1	65.116	43	14	1	26	68	9339	9214	2.20e-05	51.6	74.42	0/-2
McdA	NZ_AFAL01000043.1	60.465	43	16	1	26	68	381	256	2.21e-05	51.2	72.09	0/-3
McdA	NZ_UGHR01000003.1	60.465	43	16	1	26	68	353730	353855	2.24e-05	51.6	74.42	0/3
McdA	NZ_FOMQ01000005.1	58.140	43	17	1	26	68	331698	331573	2.26e-05	51.6	74.42	0/-1
McdA	NZ_CABPSJ010000001.1	60.465	43	16	1	26	68	1177873	1177998	2.28e-05	51.6	69.77	0/1
McdA	NZ_CABPSG010000011.1	60.465	43	16	1	26	68	89988	90113	2.29e-05	51.6	69.77	0/3
McdA	NZ_QLTA01000071.1	53.061	49	22	1	20	68	7883	8026	2.30e-05	51.6	67.35	0/2
McdA	NZ_CABPSP010000005.1	60.465	43	16	1	26	68	238250	238125	2.30e-05	51.6	69.77	0/-2
McdA	NZ_CABPRU010000006.1	60.465	43	16	1	26	68	238263	238138	2.32e-05	51.6	69.77	0/-1
McdA	NZ_CABPRY010000001.1	60.465	43	16	1	26	68	18943	18818	2.34e-05	51.6	69.77	0/-3
McdA	NZ_FOCW01000004.1	60.465	43	16	1	26	68	36699	36574	2.36e-05	51.6	72.09	0/-1
McdA	NZ_CABPRV010000011.1	60.465	43	16	1	26	68	228812	228687	2.36e-05	51.6	69.77	0/-2
McdA	NZ_UGJL01000001.1	62.791	43	15	1	26	68	178503	178378	2.39e-05	51.6	74.42	0/-3
McdA	NZ_CABPST010000007.1	60.465	43	16	1	26	68	6107	6232	2.40e-05	51.2	69.77	0/2
McdA	NZ_CP013481.2	60.465	43	16	1	26	68	80166	80291	2.41e-05	51.2	69.77	0/3
McdA	NZ_KN046795.1	58.140	43	17	1	26	68	6178578	6178703	2.43e-05	51.2	74.42	0/3
McdA	NZ_CABPSB010000006.1	60.465	43	16	1	26	68	297900	297775	2.45e-05	51.2	69.77	0/-1
McdA	NC_005085.1	65.116	43	14	1	26	68	692502	692627	2.45e-05	51.2	74.42	0/3
McdA	NC_005085.1	55.814	43	18	1	29	71	497810	497685	7.73e-05	49.7	72.09	0/-3
McdA	NZ_CP011568.3	60.465	43	16	1	26	68	59825	59950	2.47e-05	51.2	69.77	0/2
McdA	NZ_CP011807.3	60.465	43	16	1	26	68	5152931	5152806	2.54e-05	51.2	69.77	0/-1
McdA	NZ_BMYX01000009.1	60.465	43	16	1	26	68	13457	13332	2.56e-05	51.2	76.74	0/-2
McdA	NZ_MKCR01000027.1	65.116	43	14	1	26	68	167386	167511	2.61e-05	51.2	74.42	0/1
McdA	NZ_SLZQ01000010.1	62.791	43	15	1	26	68	6601	6726	2.63e-05	51.2	72.09	0/1
McdA	NZ_JMKU01000012.1	58.140	43	17	1	26	68	118494	118369	2.63e-05	51.2	74.42	0/-2
McdA	NZ_CABPSH010000007.1	60.465	43	16	1	26	68	4902	5027	2.63e-05	51.2	69.77	0/3
McdA	NZ_LT906435.1	60.465	43	16	1	26	68	5662921	5662796	2.64e-05	51.2	69.77	0/-1
McdA	NZ_AQWL01000006.1	31.148	122	69	2	26	147	6495	6815	2.66e-05	51.2	42.62	0/3
McdA	NZ_CABPSC010000006.1	60.465	43	16	1	26	68	213138	213263	2.66e-05	51.2	69.77	0/3
McdA	NZ_JACBYU010000001.1	60.465	43	16	1	26	68	138654	138529	2.66e-05	51.2	72.09	0/-3
McdA	NZ_CP053986.1	60.465	43	16	1	26	68	4964078	4963953	2.66e-05	51.2	72.09	0/-1
McdA	NZ_WTVM01000158.1	36.134	119	70	3	110	228	7573	7235	2.73e-05	51.2	56.30	0/-3
McdA	NZ_AUMS01000001.1	59.524	42	16	1	26	67	205361	205239	2.81e-05	51.2	73.81	0/-2
McdA	NZ_RJVL01000002.1	58.140	43	17	1	26	68	252836	252711	2.84e-05	51.2	74.42	0/-3
McdA	NZ_CADILD010000001.1	60.465	43	16	1	26	68	1570846	1570721	2.84e-05	51.2	72.09	0/-2
McdA	NZ_CABPSD010000011.1	60.465	43	16	1	26	68	4120	4245	2.86e-05	51.2	69.77	0/1
McdA	NZ_CADIKO010000001.1	60.465	43	16	1	26	68	1638889	1639014	2.89e-05	51.2	72.09	0/1
McdA	NZ_BBJZ01000007.1	58.140	43	17	1	26	68	239767	239642	2.94e-05	51.2	72.09	0/-2
McdA	NZ_BBVD01000007.1	58.140	43	17	1	26	68	290835	290710	2.94e-05	51.2	72.09	0/-1
McdA	NZ_BCNT01000004.1	58.140	43	17	1	26	68	194314	194439	2.99e-05	51.2	72.09	0/1
McdA	NZ_UFQC01000015.1	60.465	43	16	1	26	68	19397	19272	3.02e-05	51.2	72.09	0/-2
McdA	NZ_NESN01000002.1	58.140	43	17	1	26	68	473172	473047	3.08e-05	51.2	72.09	0/-2
McdA	NZ_KB889967.1	60.465	43	16	1	26	68	3143551	3143676	3.08e-05	51.2	74.42	0/1
McdA	NZ_BBJH01000023.1	27.044	159	108	4	26	184	31058	30606	3.10e-05	51.2	40.25	0/-2
McdA	NZ_CP047650.1	60.465	43	16	1	26	68	2891239	2891114	3.11e-05	51.2	74.42	0/-2
McdA	NZ_SLXE01000058.1	60.465	43	16	1	26	68	2104	1979	3.14e-05	50.8	74.42	0/-3
McdA	NZ_CP043473.1	58.140	43	17	1	29	71	3430381	3430506	3.19e-05	51.2	74.42	0/1
McdA	NZ_CP043473.1	65.116	43	14	1	26	68	3262295	3262170	5.18e-05	50.4	74.42	0/-3
McdA	NZ_VIDT01000293.1	58.140	43	17	1	26	68	5210	5335	3.22e-05	50.8	72.09	0/2
McdA	NZ_UFQB01000009.1	60.465	43	16	1	26	68	19375	19250	3.22e-05	50.8	72.09	0/-3
McdA	NZ_ARWH01000001.1	60.465	43	16	1	26	68	3184549	3184424	3.22e-05	50.8	74.42	0/-1
McdA	NZ_QXMN01000175.1	55.814	43	18	1	26	68	1336	1211	3.28e-05	50.8	72.09	0/-3
McdA	NZ_SMLL01000006.1	58.140	43	17	1	26	68	261210	261335	3.28e-05	50.8	72.09	0/3
McdA	NZ_VMTV02001090.1	54.348	46	20	1	26	71	247	113	3.29e-05	47.0	67.39	0/-1
McdA	NZ_CADIJX010000004.1	60.465	43	16	1	26	68	555629	555754	3.31e-05	50.8	72.09	0/2
McdA	NZ_AZUP01000001.1	60.465	43	16	1	26	68	3111858	3111983	3.31e-05	50.8	74.42	0/3
McdA	NZ_FNJL01000015.1	58.140	43	17	1	26	68	127695	127820	3.33e-05	50.8	74.42	0/3
McdA	NZ_FOGD01000016.1	60.465	43	16	1	26	68	10755	10880	3.37e-05	50.8	72.09	0/3
McdA	NZ_CP021455.1	58.140	43	17	1	26	68	160280	160405	3.47e-05	50.8	72.09	0/2
McdA	NZ_QXMN01000063.1	55.814	43	18	1	26	68	14195	14070	3.47e-05	50.8	72.09	0/-1
McdA	NZ_NOIG01000008.1	53.061	49	22	1	20	68	270962	271105	3.50e-05	50.8	65.31	0/2
McdA	NZ_BCTJ01000036.1	58.140	43	17	1	26	68	32177	32302	3.52e-05	50.8	72.09	0/2
McdA	NZ_BCUU01000059.1	55.814	43	18	1	26	68	13670	13795	3.55e-05	50.8	72.09	0/2
McdA	NC_007908.1	58.140	43	17	1	26	68	54665	54790	3.60e-05	50.8	72.09	0/2
McdA	NZ_QXNC01000003.1	62.791	43	15	1	26	68	81032	80907	3.62e-05	50.8	74.42	0/-1
McdA	NZ_CP043146.1	60.465	43	16	1	26	68	2618	2743	3.66e-05	50.8	69.77	0/2
McdA	NZ_CP022423.1	58.140	43	17	1	26	68	22174	22049	3.70e-05	50.8	74.42	0/-3
McdA	NZ_CADIJQ010000005.1	60.465	43	16	1	26	68	293100	292975	3.73e-05	50.8	72.09	0/-3
McdA	NZ_MKCS01000001.1	65.116	43	14	1	26	68	556916	557041	3.77e-05	50.8	74.42	0/2
McdA	NZ_AUCE01000011.1	58.140	43	17	1	26	68	235956	236081	3.80e-05	50.8	72.09	0/3
McdA	NZ_PDEA01000001.1	62.791	43	15	1	26	68	688526	688651	3.80e-05	50.8	72.09	0/2
McdA	NZ_VJWE01000011.1	53.061	49	22	1	20	68	991898	991755	3.83e-05	50.8	65.31	0/-2
McdA	NZ_BMDI01000001.1	60.465	43	16	1	26	68	1955746	1955871	3.83e-05	50.8	74.42	0/1
McdA	NZ_BCTF01000032.1	58.140	43	17	1	26	68	48827	48952	3.84e-05	50.8	72.09	0/2
McdA	NZ_QETA01000008.1	60.465	43	16	1	26	68	155318	155443	3.86e-05	50.8	69.77	0/2
McdA	NZ_CADIKR010000001.1	60.465	43	16	1	26	68	20858	20983	3.90e-05	50.8	72.09	0/2
McdA	NZ_LT984806.1	60.465	43	16	1	26	68	3499277	3499152	3.90e-05	50.8	72.09	0/-2
McdA	NZ_CP016172.1	60.465	43	16	1	26	68	5798936	5798811	3.91e-05	50.8	69.77	0/-3
McdA	NZ_BCTI01000054.1	58.140	43	17	1	26	68	17126	17251	3.92e-05	50.8	72.09	0/2
McdA	NZ_LOJI01000035.1	55.556	45	19	1	27	71	2658	2789	3.94e-05	50.8	66.67	0/3
McdA	NZ_CP037867.1	53.061	49	22	1	20	68	160809	160952	3.94e-05	50.8	65.31	0/3
McdA	NZ_CADIKZ010000007.1	60.465	43	16	1	26	68	244319	244194	3.97e-05	50.8	69.77	0/-2
McdA	NZ_RCHJ01000004.1	60.465	43	16	1	26	68	568686	568561	4.01e-05	50.8	69.77	0/-3
McdA	NZ_CP059569.1	58.140	43	17	1	26	68	1175314	1175439	4.01e-05	50.8	74.42	0/1
McdA	NZ_LS483369.1	60.465	43	16	1	26	68	1742118	1742243	4.05e-05	50.8	72.09	0/3
McdA	NZ_CP040709.1	58.140	43	17	1	26	68	135507	135382	4.05e-05	50.8	72.09	0/-3
McdA	NZ_CP038034.1	58.140	43	17	1	26	68	6394206	6394081	4.09e-05	50.8	72.09	0/-2
McdA	NZ_CP016171.1	60.465	43	16	1	26	68	5931575	5931450	4.12e-05	50.8	69.77	0/-2
McdA	NZ_CAIGKB010000007.1	53.061	49	22	1	20	68	173907	173764	4.15e-05	50.8	65.31	0/-2
McdA	NZ_BBJX01000002.1	58.140	43	17	1	26	68	162818	162693	4.16e-05	50.8	72.09	0/-1
McdA	NZ_FWXD01000005.1	62.791	43	15	1	26	68	129140	129265	4.23e-05	50.8	74.42	0/2
McdA	NC_010528.1	60.465	43	16	1	26	68	3277968	3277843	4.24e-05	50.8	72.09	0/-2
McdA	NZ_QVLS01000006.1	58.140	43	17	1	26	68	210067	209942	4.27e-05	50.8	72.09	0/-3
McdA	NZ_CP064338.1	58.140	43	17	1	26	68	3824779	3824904	4.28e-05	50.8	74.42	0/1
McdA	NZ_CADIJO010000004.1	60.465	43	16	1	26	68	219215	219090	4.35e-05	50.4	69.77	0/-1
McdA	NZ_BCWR01000006.1	58.140	43	17	1	26	68	298028	297903	4.35e-05	50.4	72.09	0/-2
McdA	NZ_CP018839.1	58.140	43	17	1	26	68	125161	125286	4.36e-05	50.4	69.77	0/1
McdA	NZ_ATZJ01000019.1	59.524	42	16	1	26	67	68949	69071	4.37e-05	50.4	71.43	0/3
McdA	NZ_JHYS01000002.1	58.140	43	17	1	26	68	372605	372730	4.39e-05	50.4	72.09	0/2
McdA	NZ_CADIJU010000003.1	60.465	43	16	1	26	68	193678	193803	4.39e-05	50.4	72.09	0/1
McdA	NZ_BJCL01000011.1	62.791	43	15	1	26	68	138168	138293	4.47e-05	50.4	69.77	0/3
McdA	NZ_CP027666.1	58.140	43	17	1	26	68	646618	646493	4.48e-05	50.4	72.09	0/-3
McdA	NZ_ACIS01000001.1	65.116	43	14	1	26	68	131983	132108	4.52e-05	50.4	74.42	0/1
McdA	NC_010645.1	60.465	43	16	1	26	68	2615	2740	4.52e-05	50.4	69.77	0/2
McdA	NZ_CP041352.1	29.508	122	77	2	26	147	1812272	1812610	4.52e-05	50.4	43.44	0/2
McdA	NZ_JACCDB010000008.1	58.140	43	17	1	26	68	43736	43861	4.55e-05	50.4	72.09	0/2
McdA	NZ_CABKQE010000001.1	58.140	43	17	1	26	68	1945702	1945827	4.56e-05	50.4	72.09	0/1
McdA	NZ_CP011257.1	58.140	43	17	1	26	68	1771329	1771204	4.60e-05	50.4	72.09	0/-2
McdA	NZ_JACHWG010000011.1	60.465	43	16	1	26	68	13572	13697	4.63e-05	50.4	72.09	0/3
McdA	NZ_CADIKU010000002.1	60.465	43	16	1	26	68	252510	252385	4.64e-05	50.4	72.09	0/-2
McdA	NZ_FPBX01000015.1	58.140	43	17	1	26	68	63742	63867	4.67e-05	50.4	72.09	0/1
McdA	NZ_VMDW02000026.1	60.465	43	16	1	26	68	21962	22087	4.67e-05	50.4	74.42	0/2
McdA	NZ_WHNP01000014.1	58.140	43	17	1	26	68	157090	156965	4.72e-05	50.4	72.09	0/-3
McdA	NZ_RKQL01000004.1	58.140	43	17	1	26	68	225949	226074	4.72e-05	50.4	72.09	0/1
McdA	NZ_CP021520.1	60.465	43	16	1	26	68	1693485	1693360	4.82e-05	50.4	72.09	0/-1
McdA	NZ_CADILE010000009.1	60.465	43	16	1	26	68	213789	213914	4.85e-05	50.4	69.77	0/3
McdA	NC_010622.1	58.140	43	17	1	26	68	3411556	3411431	4.86e-05	50.4	72.09	0/-3
McdA	NZ_VOQS01000001.1	58.140	43	17	1	26	68	2564924	2565049	4.86e-05	50.4	72.09	0/2
McdA	NZ_FNQJ01000004.1	58.140	43	17	1	26	68	80140	80265	4.90e-05	50.4	72.09	0/1
McdA	NZ_CP016022.1	58.140	43	17	1	26	68	3633353	3633228	4.95e-05	50.4	72.09	0/-3
McdA	NZ_CADIKH010000026.1	58.140	43	17	1	26	68	67322	67197	4.98e-05	50.4	72.09	0/-2
McdA	NZ_FNYE01000025.1	58.140	43	17	1	26	68	83284	83159	4.98e-05	50.4	72.09	0/-3
McdA	NZ_VTOX01000004.1	58.140	43	17	1	26	68	180940	181065	4.99e-05	50.4	72.09	0/1
McdA	NZ_CP031253.1	60.465	43	16	1	26	68	1873270	1873145	4.99e-05	50.4	72.09	0/-3
McdA	NZ_CYGY02000070.1	58.140	43	17	1	26	68	55673	55548	5.02e-05	50.4	72.09	0/-3
McdA	NZ_QQHX01000005.1	60.465	43	16	1	26	68	97162	97287	5.03e-05	50.4	72.09	0/1
McdA	NZ_PNYA01000003.1	58.140	43	17	1	26	68	285362	285237	5.08e-05	50.4	72.09	0/-3
McdA	NZ_CP018787.1	53.061	49	22	1	20	68	274317	274460	5.09e-05	50.4	63.27	0/3
McdA	NZ_JACWNE010000002.1	58.140	43	17	1	26	68	1292596	1292471	5.13e-05	50.4	72.09	0/-2
McdA	NZ_CP026111.1	58.140	43	17	1	26	68	3549421	3549296	5.13e-05	50.4	72.09	0/-2
McdA	NC_018518.1	60.465	43	16	1	26	68	2639	2764	5.18e-05	50.4	69.77	0/2
McdA	NZ_AP019378.1	60.465	43	16	1	26	68	4086271	4086396	5.18e-05	50.4	69.77	0/1
McdA	NZ_LR134326.1	60.465	43	16	1	26	68	5169512	5169387	5.18e-05	50.4	69.77	0/-1
McdA	NZ_FUZW01000002.1	58.140	43	17	1	26	68	2612587	2612462	5.23e-05	50.4	72.09	0/-2
McdA	NZ_SORE01000006.1	58.140	43	17	1	26	68	74978	75103	5.27e-05	50.4	72.09	0/2
McdA	NZ_CP031325.1	60.465	43	16	1	26	68	907399	907274	5.28e-05	50.4	72.09	0/-2
McdA	NZ_POSP01000003.1	60.465	43	16	1	26	68	3006114	3005989	5.28e-05	50.4	69.77	0/-2
McdA	NZ_CADEPJ010000127.1	65.000	40	13	1	29	68	4433	4549	5.29e-05	50.4	77.50	0/2
McdA	NZ_QXGR01000001.1	58.140	43	17	1	26	68	241632	241507	5.32e-05	50.4	72.09	0/-2
McdA	NZ_CP015958.1	58.140	43	17	1	26	68	2125928	2126053	5.32e-05	50.4	72.09	0/2
McdA	NZ_BMYW01000013.1	60.465	43	16	1	26	68	58842	58717	5.35e-05	50.4	74.42	0/-2
McdA	NZ_FMZC01000004.1	55.814	43	18	1	26	68	60046	59921	5.37e-05	50.4	74.42	0/-2
McdA	NZ_VJZF01000001.1	58.140	43	17	1	26	68	2859088	2859213	5.42e-05	50.4	72.09	0/1
McdA	NZ_CP012028.1	60.465	43	16	1	26	68	1093820	1093945	5.47e-05	50.4	72.09	0/2
McdA	NZ_RBID01000019.1	60.465	43	16	1	26	68	133554	133679	5.56e-05	50.4	74.42	0/3
McdA	NZ_CADIKW010000010.1	60.465	43	16	1	26	68	24504	24629	5.56e-05	50.4	69.77	0/3
McdA	NZ_BMDP01000003.1	60.465	43	16	1	26	68	334636	334511	5.57e-05	50.4	74.42	0/-2
McdA	NZ_LR134302.1	60.465	43	16	1	26	68	2510784	2510659	5.57e-05	50.4	72.09	0/-2
McdA	NZ_SNYL01000003.1	58.140	43	17	1	26	68	272023	272148	5.62e-05	50.4	72.09	0/1
McdA	NZ_CP025774.1	60.465	43	16	1	26	68	19800	19675	5.67e-05	50.4	69.77	0/-3
McdA	NZ_JACHHY010000006.1	60.465	43	16	1	26	68	168557	168682	5.71e-05	50.4	72.09	0/2
McdA	NZ_FNHP01000002.1	60.465	43	16	1	26	68	433580	433705	5.72e-05	50.4	72.09	0/2
McdA	NZ_CP019239.1	55.814	43	18	1	26	68	59093	59218	5.73e-05	50.4	72.09	0/2
McdA	NZ_CP024645.1	58.140	43	17	1	26	68	6349929	6349804	5.73e-05	50.4	72.09	0/-1
McdA	NZ_VIWD01000008.1	58.140	43	17	1	26	68	214199	214074	5.77e-05	50.1	72.09	0/-3
McdA	NZ_JADOEL010000006.1	60.465	43	16	1	26	68	7783	7908	5.82e-05	50.1	74.42	0/1
McdA	NZ_FOQU01000008.1	58.140	43	17	1	26	68	71374	71499	5.83e-05	50.1	72.09	0/1
McdA	NZ_LFLU01000015.1	58.140	43	17	1	26	68	25420	25295	5.97e-05	50.1	72.09	0/-2
McdA	NZ_VOSW01000007.1	58.140	43	17	1	26	68	29050	28925	5.98e-05	50.1	72.09	0/-3
McdA	NZ_QJKI01000006.1	60.465	43	16	1	26	68	17698	17823	5.98e-05	50.1	72.09	0/1
McdA	NZ_JACHXO010000009.1	60.465	43	16	1	26	68	1093	1218	5.98e-05	50.1	69.77	0/1
McdA	NZ_CP035503.1	58.140	43	17	1	26	68	4354547	4354422	5.99e-05	50.1	72.09	0/-2
McdA	NZ_UFUJ01000001.1	60.465	43	16	1	26	68	4437519	4437394	5.99e-05	50.1	69.77	0/-2
McdA	NZ_CP018845.1	58.140	43	17	1	26	68	3607044	3607169	5.99e-05	50.1	72.09	0/3
McdA	NZ_CADIKT010000022.1	60.465	43	16	1	26	68	59528	59653	6.02e-05	50.1	69.77	0/2
McdA	NZ_VFPV01000004.1	55.814	43	18	1	26	68	55707	55832	6.04e-05	50.1	72.09	0/3
McdA	NZ_KB906255.1	58.140	43	17	1	26	68	132922	132797	6.10e-05	50.1	72.09	0/-2
McdA	NZ_CP058952.1	31.148	122	73	3	27	147	1166526	1166861	6.16e-05	50.1	41.80	0/3
McdA	NZ_JADZ01000006.1	58.140	43	17	1	26	68	305707	305832	6.21e-05	50.1	72.09	0/1
McdA	NZ_CP058554.1	58.140	43	17	1	26	68	491162	491037	6.22e-05	50.1	72.09	0/-3
McdA	NZ_LSTO01000016.1	60.465	43	16	1	26	68	4518	4643	6.30e-05	50.1	72.09	0/3
McdA	NZ_BMIG01000002.1	53.488	43	19	1	26	68	263363	263238	6.33e-05	50.1	72.09	0/-3
McdA	NZ_BCWP01000011.1	58.140	43	17	1	26	68	7714	7589	6.42e-05	50.1	72.09	0/-2
McdA	NZ_VAHD01000001.1	55.814	43	18	1	26	68	804109	804234	6.45e-05	50.1	72.09	0/1
McdA	NZ_PPPS01000047.1	60.465	43	16	1	26	68	55757	55882	6.53e-05	50.1	72.09	0/2
McdA	NZ_CADIKC010000012.1	58.140	43	17	1	26	68	219100	218975	6.55e-05	50.1	72.09	0/-3
McdA	NZ_FNRQ01000005.1	58.140	43	17	1	26	68	193860	193985	6.56e-05	50.1	72.09	0/3
McdA	NC_008786.1	58.140	43	17	1	26	68	1187428	1187553	6.57e-05	50.1	72.09	0/1
McdA	NZ_VJND01000005.1	62.791	43	15	1	26	68	69697	69822	6.61e-05	50.1	74.42	0/1
McdA	NZ_NIOF01000014.1	60.465	43	16	1	26	68	104259	104384	6.67e-05	50.1	69.77	0/3
McdA	NZ_LR134313.1	62.791	43	15	1	26	68	492899	492774	6.69e-05	50.1	72.09	0/-2
McdA	NZ_NWBQ01000017.1	55.814	43	18	1	26	68	17413	17288	6.72e-05	50.1	76.74	0/-3
McdA	NZ_AGUF01000001.1	60.465	43	16	1	26	68	19325	19200	6.73e-05	50.1	69.77	0/-1
McdA	NZ_AXVM01000003.1	55.814	43	18	1	26	68	342988	342863	6.74e-05	50.1	72.09	0/-3
McdA	NZ_PVZM01000051.1	58.140	43	17	1	26	68	17354	17479	6.83e-05	50.1	72.09	0/2
McdA	NZ_RBXP01000015.1	58.537	41	16	1	27	67	23152	23033	6.86e-05	50.1	70.73	0/-1
McdA	NZ_UGSE01000002.1	58.140	43	17	1	26	68	703604	703479	6.87e-05	50.1	69.77	0/-3
McdA	NZ_JACHLP010000013.1	58.140	43	17	1	26	68	74586	74711	6.90e-05	50.1	69.77	0/3
McdA	NZ_CP021395.1	60.465	43	16	1	26	68	1598236	1598111	7.00e-05	50.1	69.77	0/-1
McdA	NZ_CP043575.1	58.140	43	17	1	26	68	546734	546609	7.00e-05	50.1	72.09	0/-3
McdA	NZ_JACHKZ010000029.1	58.140	43	17	1	26	68	12353	12228	7.06e-05	50.1	72.09	0/-3
McdA	NZ_CADIKF010000026.1	58.140	43	17	1	26	68	51918	51793	7.10e-05	50.1	72.09	0/-3
McdA	NZ_CP059564.1	60.465	43	16	1	26	68	2016001	2015876	7.13e-05	50.1	74.42	0/-3
McdA	NZ_NBSN01000003.1	58.140	43	17	1	26	68	3869553	3869428	7.13e-05	50.1	72.09	0/-1
McdA	NZ_SDKK01000004.1	55.814	43	18	1	26	68	53020	53145	7.18e-05	50.1	69.77	0/1
McdA	NZ_VJOL01000058.1	58.140	43	17	1	26	68	5954	5829	7.18e-05	50.1	72.09	0/-3
McdA	NZ_MTJN01000002.1	55.814	43	18	1	26	68	2254120	2254245	7.19e-05	50.1	72.09	0/1
McdA	NZ_CP013729.1	60.465	43	16	1	26	68	130697	130572	7.19e-05	50.1	69.77	0/-3
McdA	NZ_FPBH01000006.1	58.140	43	17	1	26	68	53996	53871	7.25e-05	50.1	72.09	0/-2
McdA	NZ_AFBG01000021.1	58.140	43	17	1	26	68	531684	531809	7.25e-05	50.1	72.09	0/3
McdA	NZ_LFRI01000109.1	55.814	43	18	1	26	68	4809	4684	7.39e-05	50.1	72.09	0/-2
McdA	NZ_BCWN01000041.1	60.465	43	16	1	26	68	2826	2951	7.50e-05	49.7	69.77	0/3
McdA	NZ_CP031467.1	58.140	43	17	1	26	68	2076287	2076162	7.60e-05	50.1	72.09	0/-3
McdA	NZ_QPER01000001.1	58.140	43	17	1	26	68	4726397	4726272	7.73e-05	49.7	72.09	0/-3
McdA	NZ_ATVC01000024.1	64.286	42	14	1	26	67	22466	22588	7.78e-05	49.7	69.05	0/2
McdA	NZ_JACYXF010000005.1	58.140	43	17	1	26	68	252836	252961	7.79e-05	49.7	74.42	0/2
McdA	NZ_BGZJ01000001.1	55.814	43	18	1	26	68	671755	671630	7.80e-05	49.7	69.77	0/-2
McdA	NZ_JYKA01000031.1	55.814	43	18	1	29	71	15170	15045	7.92e-05	49.7	72.09	0/-3
McdA	NZ_RBXP01000016.1	58.140	43	17	1	26	68	205198	205073	7.94e-05	49.7	72.09	0/-2
McdA	NZ_PSNX01000003.1	60.465	43	16	1	26	68	268380	268255	7.94e-05	49.7	72.09	0/-3
McdA	NZ_BBYR01000013.1	60.465	43	16	1	26	68	84996	85121	8.07e-05	49.7	69.77	0/3
McdA	NZ_BKDH01000004.1	53.488	43	19	1	26	68	135723	135598	8.09e-05	49.7	72.09	0/-1
McdA	NZ_KB911036.1	58.140	43	17	1	26	68	552239	552364	8.09e-05	49.7	72.09	0/2
McdA	NZ_CP030086.1	58.140	43	17	1	26	68	13597	13722	8.09e-05	49.7	69.77	0/1
McdA	NZ_CADEPL010000058.1	55.102	49	21	1	20	68	42543	42400	8.11e-05	49.7	67.35	0/-1
McdA	NZ_JHVM01000012.1	60.465	43	16	1	26	68	8348	8473	8.22e-05	49.7	72.09	0/2
McdA	NZ_FZOT01000001.1	60.465	43	16	1	26	68	157697	157572	8.24e-05	49.7	72.09	0/-1
McdA	NZ_OANS01000003.1	58.140	43	17	1	26	68	69057	69182	8.31e-05	49.7	69.77	0/3
McdA	NZ_LODL01000035.1	58.140	43	17	1	26	68	515725	515600	8.32e-05	49.7	74.42	0/-1
McdA	NZ_RCZJ01000002.1	53.488	43	19	1	26	68	1150754	1150879	8.47e-05	49.7	72.09	0/2
McdA	NZ_CP046027.1	55.814	43	18	1	26	68	1295954	1295829	8.47e-05	49.7	74.42	0/-3
McdA	NZ_SNXE01000001.1	60.465	43	16	1	26	68	464101	464226	8.55e-05	49.7	69.77	0/1
McdA	NZ_AP019312.1	65.116	43	14	1	26	68	4750020	4749895	8.55e-05	49.7	74.42	0/-2
McdA	NZ_KE386748.1	60.870	46	11	2	26	68	408563	408688	8.62e-05	49.7	73.91	0/2
McdA	NZ_CP017561.1	58.140	43	17	1	26	68	2907482	2907607	8.63e-05	49.7	72.09	0/2
McdA	NZ_MKCR01000030.1	55.814	43	18	1	29	71	17419	17294	8.74e-05	49.7	74.42	0/-1
McdA	NZ_KB891332.1	58.140	43	17	1	26	68	124092	124217	8.77e-05	49.7	72.09	0/3
McdA	NC_007951.1	58.140	43	17	1	26	68	4815100	4814975	8.79e-05	49.7	72.09	0/-1
McdA	NZ_CVTY01000005.1	55.814	43	18	1	26	68	126673	126548	8.86e-05	49.7	69.77	0/-1
McdA	NZ_BCYO01000012.1	53.488	43	19	1	26	68	74913	74788	8.92e-05	49.7	72.09	0/-3
McdA	NZ_BJNV01000042.1	55.814	43	18	1	26	68	14024	13899	8.95e-05	49.7	69.77	0/-1
McdA	NZ_CP060790.1	55.814	43	18	1	26	68	3221867	3221742	8.95e-05	49.7	74.42	0/-1
McdA	NZ_LFLS01000025.1	58.140	43	17	1	26	68	7932	8057	8.99e-05	49.7	69.77	0/3
McdA	NZ_CP023276.1	58.140	43	17	1	26	68	9623	9748	9.03e-05	49.7	69.77	0/2
McdA	NZ_LR134378.1	55.814	43	18	1	26	68	750759	750634	9.19e-05	49.7	76.74	0/-3
McdA	NZ_VJOO01000021.1	58.140	43	17	1	26	68	15462	15587	9.30e-05	49.7	72.09	0/3
McdA	NZ_JQKD01000006.1	53.488	43	19	1	26	68	245137	245262	9.35e-05	49.7	72.09	0/1
McdA	NZ_CP022278.1	60.465	43	16	1	26	68	1445952	1445827	9.36e-05	49.7	72.09	0/-1
McdA	NZ_SMAJ01000019.1	55.814	43	18	1	26	68	15983	15858	9.40e-05	49.7	69.77	0/-3
McdA	NZ_AQWL01000013.1	58.140	43	17	1	26	68	24896	25021	9.41e-05	49.7	72.09	0/2
McdA	NZ_JUFZ01000028.1	58.140	43	17	1	26	68	2926	3051	9.42e-05	49.7	72.09	0/1
McdA	NZ_MPIY01000017.1	58.140	43	17	1	26	68	179593	179718	9.44e-05	49.7	69.77	0/1
McdA	NZ_LOJJ01000001.1	58.140	43	17	1	26	68	215399	215524	9.44e-05	49.7	69.77	0/2
McdA	NZ_SACM01000004.1	58.140	43	17	1	26	68	282167	282292	9.44e-05	49.7	72.09	0/2
McdA	NZ_POWW01000008.1	58.140	43	17	1	26	68	36219	36344	9.49e-05	49.7	72.09	0/3
McdA	NZ_GL985624.1	58.140	43	17	1	26	68	8835	8960	9.51e-05	49.7	72.09	0/3
McdA	NZ_UGRT01000001.1	58.140	43	17	1	26	68	1370507	1370382	9.53e-05	49.7	72.09	0/-2
McdA	NZ_CP059565.1	62.791	43	15	1	26	68	1001222	1001347	9.54e-05	49.7	72.09	0/2
McdA	NZ_AUGZ01000039.1	53.488	43	19	1	29	71	4377	4502	9.58e-05	49.7	72.09	0/3
McdA	NZ_QQAV01000001.1	53.488	43	19	1	26	68	869281	869156	9.62e-05	49.7	72.09	0/-1
McdA	NZ_AUGX01000032.1	55.814	43	18	1	26	68	20192	20067	9.66e-05	49.7	72.09	0/-3
McdA	NZ_BHGL01000001.1	58.140	43	17	1	26	68	58709	58834	9.69e-05	49.7	72.09	0/2
McdA	NZ_SSSQ01000001.1	58.140	43	17	1	26	68	570191	570316	9.71e-05	49.7	74.42	0/2
McdA	NZ_NGUO01000002.1	58.140	43	17	1	26	68	250317	250442	9.79e-05	49.7	69.77	0/3
McdA	NZ_QUSW01000003.1	55.814	43	18	1	26	68	391336	391211	9.80e-05	49.7	69.77	0/-3
McdA	NZ_VMYE01000006.1	58.140	43	17	1	26	68	140622	140747	9.87e-05	49.7	72.09	0/3


