# tblastn
# Iteration: 0
# Query: McdA
# RID: 7VSG1A57013
# Database: ref_prok_rep_genomes
# Fields: query acc.ver, subject acc.ver, % identity, alignment length, mismatches, gap opens, q. start, q. end, s. start, s. end, evalue, bit score, % positives, query/sbjct frames
# 112 hits found
McdA	NZ_WVUD01000066.1	32.673	202	124	6	26	227	9350	9919	5.81e-18	87.4	51.49	0/2
McdA	NC_013224.1	33.143	175	105	6	26	200	31	519	7.67e-16	81.3	50.86	0/1
McdA	NC_013224.1	31.818	176	108	6	26	201	6990	7481	1.84e-14	77.0	49.43	0/3
McdA	NZ_BCAG01000006.1	32.667	150	90	4	26	175	208540	208956	7.54e-15	78.2	48.00	0/1
McdA	NC_020305.1	27.317	205	132	6	26	228	10878	11447	6.89e-12	69.3	44.39	0/3
McdA	NZ_LT828541.1	27.273	165	104	5	26	188	316267	315815	1.03e-10	65.9	46.67	0/-2
McdA	NZ_AUBQ01000015.1	33.607	122	73	3	26	146	153765	154109	1.67e-08	59.3	44.26	0/3
McdA	NZ_CP026538.1	33.607	122	73	3	26	146	527723	527379	2.53e-08	58.9	43.44	0/-1
McdA	NZ_WVUD01000076.1	32.836	134	84	3	26	159	5365	4982	1.67e-07	56.2	38.81	0/-3
McdA	NZ_LBMP01000005.1	70.000	40	11	1	26	65	440509	440393	2.00e-07	56.2	77.50	0/-1
McdA	NZ_AULM01000044.1	60.465	43	16	1	26	68	2646	2771	2.32e-07	55.8	76.74	0/3
McdA	NC_010815.1	28.402	169	113	5	26	194	41004	40522	2.48e-07	55.8	43.79	0/-2
McdA	NZ_CP045508.1	70.000	40	11	1	26	65	3912956	3913072	5.11e-07	55.1	77.50	0/2
McdA	NC_014972.1	62.791	43	15	1	26	68	104	229	1.04e-06	53.9	79.07	0/2
McdA	NZ_RAWB01000142.1	54.348	46	21	0	26	71	8268	8131	1.15e-06	53.9	69.57	0/-2
McdA	NZ_VNIB01000009.1	62.791	43	15	1	26	68	63819	63694	1.24e-06	53.9	74.42	0/-3
McdA	NZ_CP045504.1	70.000	40	11	1	26	65	2842957	2843073	1.26e-06	53.9	75.00	0/1
McdA	NZ_CP045504.1	58.140	43	17	1	26	68	2890567	2890692	8.27e-05	48.1	69.77	0/1
McdA	NZ_AZAC01000083.1	63.265	49	11	2	26	71	15439	15573	1.48e-06	53.5	69.39	0/1
McdA	NZ_JHZB01000004.1	62.791	43	15	1	26	68	104372	104497	1.61e-06	53.5	76.74	0/2
McdA	NZ_CAADHO010000002.1	55.556	45	19	1	26	70	91191	91060	3.23e-06	52.4	71.11	0/-2
McdA	NZ_FQZU01000001.1	60.465	43	16	1	29	71	87604	87729	4.05e-06	52.4	74.42	0/1
McdA	NZ_ASRX01000096.1	62.791	43	15	1	26	68	36926	37051	4.13e-06	52.0	72.09	0/2
McdA	NZ_JACDUS010000001.1	60.465	43	16	1	26	68	141105	140980	4.44e-06	52.0	72.09	0/-1
McdA	NC_011768.1	60.465	43	16	1	29	71	6330564	6330689	4.57e-06	52.0	74.42	0/3
McdA	NZ_FNJI01000073.1	60.465	43	16	1	26	68	6175	6050	5.06e-06	52.0	74.42	0/-2
McdA	NZ_CP012159.1	62.791	43	15	1	26	68	6536401	6536526	5.85e-06	51.6	72.09	0/1
McdA	NZ_AZAC01000056.1	62.791	43	15	1	26	68	28242	28367	6.46e-06	51.6	72.09	0/3
McdA	NZ_CP022163.1	60.465	43	16	1	26	68	3921988	3921863	6.70e-06	51.6	72.09	0/-1
McdA	NZ_CP022163.1	59.091	44	18	0	27	70	1743446	1743315	4.71e-05	48.9	68.18	0/-3
McdA	NZ_RAVZ01000778.1	59.524	42	16	1	27	68	362	240	6.90e-06	49.7	78.57	0/-3
McdA	NZ_FQVB01000009.1	60.465	43	16	1	26	68	5789	5914	7.19e-06	51.6	76.74	0/2
McdA	NZ_MPIN01000010.1	60.465	43	16	1	26	68	259600	259475	7.97e-06	51.2	72.09	0/-1
McdA	NZ_CP012109.1	60.465	43	16	1	26	68	8679491	8679616	8.90e-06	51.2	72.09	0/2
McdA	NZ_CP016211.1	62.791	43	15	1	26	68	3208561	3208436	9.06e-06	51.2	72.09	0/-2
McdA	NZ_CP016211.1	58.537	41	16	1	27	67	3222067	3222186	6.78e-05	48.5	73.17	0/1
McdA	NZ_ANAH02000004.1	60.465	43	16	1	26	68	269395	269270	9.22e-06	51.2	72.09	0/-3
McdA	NZ_JABFJV010000393.1	60.465	43	16	1	26	68	7528	7403	9.47e-06	50.8	72.09	0/-3
McdA	NZ_JYNO01000001.1	65.116	43	14	1	26	68	635766	635891	9.48e-06	51.2	72.09	0/3
McdA	NZ_RAWB01000082.1	60.465	43	16	1	26	68	10185	10060	9.48e-06	51.2	72.09	0/-1
McdA	NZ_RAWG01000182.1	60.465	43	16	1	26	68	18947	18822	9.54e-06	51.2	72.09	0/-2
McdA	NZ_RAVZ01000088.1	60.465	43	16	1	26	68	22921	23046	9.61e-06	51.2	72.09	0/1
McdA	NZ_FOIB01000014.1	60.465	43	16	1	26	68	173505	173380	9.65e-06	51.2	72.09	0/-2
McdA	NZ_CP012333.1	55.102	49	21	1	20	68	9075626	9075483	9.66e-06	51.2	65.31	0/-2
McdA	NZ_RAWM01000036.1	60.465	43	16	1	26	68	968	843	9.69e-06	51.2	72.09	0/-3
McdA	NZ_RAWE01000112.1	60.465	43	16	1	26	68	933	808	9.70e-06	50.8	72.09	0/-2
McdA	NC_017030.1	60.465	43	16	1	26	68	10050109	10049984	1.06e-05	50.8	72.09	0/-1
McdA	NZ_RAWK01000111.1	60.465	43	16	1	26	68	7378	7253	1.10e-05	50.8	72.09	0/-2
McdA	NZ_CP022203.1	60.465	43	16	1	26	68	8923080	8922955	1.11e-05	50.8	72.09	0/-3
McdA	NC_020126.1	60.465	43	16	1	26	68	10319002	10318877	1.12e-05	50.8	72.09	0/-1
McdA	NZ_JAAAPK010000012.1	60.465	43	16	1	26	68	155981	155856	1.13e-05	50.8	72.09	0/-1
McdA	NZ_FOJJ01000009.1	62.791	43	15	1	26	68	11422	11297	1.15e-05	50.8	72.09	0/-1
McdA	NC_008095.1	60.465	43	16	1	26	68	9104221	9104096	1.17e-05	50.8	72.09	0/-2
McdA	NZ_RAWI01000149.1	60.465	43	16	1	26	68	8241	8116	1.18e-05	50.8	72.09	0/-3
McdA	NZ_FNAJ01000006.1	60.465	43	16	1	26	68	375878	376003	1.18e-05	50.8	72.09	0/2
McdA	NZ_FNAQ01000010.1	60.465	43	16	1	26	68	7382	7507	1.20e-05	50.8	74.42	0/2
McdA	NC_013223.1	63.415	41	14	1	27	67	1322916	1322797	1.27e-05	50.8	70.73	0/-1
McdA	NC_002939.5	60.465	43	16	1	26	68	121779	121904	1.34e-05	50.4	72.09	0/3
McdA	NZ_JMCB01000006.1	60.465	43	16	1	26	68	815775	815900	1.39e-05	50.4	72.09	0/3
McdA	NZ_FNGU01000002.1	60.465	43	16	1	26	68	237757	237882	1.55e-05	50.4	72.09	0/1
McdA	NZ_JOMG01000002.1	60.465	43	16	1	26	68	1519222	1519347	1.55e-05	50.4	72.09	0/1
McdA	NZ_JADBFD010000014.1	60.465	43	16	1	26	68	69374	69249	1.65e-05	50.4	72.09	0/-1
McdA	NZ_JXBL01000001.1	60.465	43	16	1	26	68	3119345	3119220	1.65e-05	50.4	72.09	0/-2
McdA	NZ_SSMQ01000004.1	60.465	43	16	1	26	68	122722	122847	1.86e-05	50.1	72.09	0/1
McdA	NZ_LBMP01000004.1	65.116	43	14	1	26	68	134338	134463	1.90e-05	50.1	72.09	0/1
McdA	NZ_WJIE01000001.1	60.465	43	16	1	26	68	1177461	1177586	1.93e-05	50.1	72.09	0/3
McdA	NZ_WJIE01000001.1	58.537	41	16	1	27	67	1167614	1167495	8.81e-05	48.1	73.17	0/-1
McdA	NZ_FNQN01000005.1	58.140	43	17	1	26	68	97120	97245	2.07e-05	50.1	72.09	0/1
McdA	NZ_AECZ01000001.1	66.667	39	12	1	27	65	93853	93740	2.27e-05	50.1	71.79	0/-1
McdA	NZ_FOIJ01000002.1	59.524	42	17	0	27	68	692238	692113	2.34e-05	50.1	69.05	0/-1
McdA	NZ_FRFE01000001.1	51.163	43	20	1	26	68	300123	299998	2.38e-05	49.7	76.74	0/-3
McdA	NC_014844.1	62.500	40	14	1	26	65	1347190	1347306	2.49e-05	49.7	77.50	0/1
McdA	NZ_FOIJ01000016.1	60.465	43	16	1	26	68	169482	169607	2.72e-05	49.7	72.09	0/3
McdA	NZ_KI912608.1	60.465	43	16	1	26	68	2986400	2986275	2.81e-05	49.7	72.09	0/-2
McdA	NZ_FOAP01000003.1	60.465	43	16	1	26	68	505310	505435	2.86e-05	49.7	72.09	0/2
McdA	NC_011891.1	58.140	43	17	1	26	68	5025224	5025099	2.88e-05	49.7	72.09	0/-2
McdA	NC_007517.1	61.905	42	15	1	27	68	3828058	3827936	2.94e-05	49.7	71.43	0/-1
McdA	NZ_ARWE01000001.1	62.791	43	15	1	26	68	4071100	4070975	2.96e-05	49.7	72.09	0/-3
McdA	NC_011979.1	58.140	43	17	1	26	68	531321	531196	2.99e-05	49.7	72.09	0/-3
McdA	NZ_VLLN01000012.1	60.465	43	16	1	26	68	15321	15446	3.09e-05	49.7	69.77	0/3
McdA	NZ_BEXT01000001.1	55.814	43	18	1	26	68	6533169	6533294	3.19e-05	49.3	65.12	0/3
McdA	NZ_JIAK01000015.1	60.465	43	16	1	26	68	14392	14267	3.26e-05	49.3	69.77	0/-1
McdA	NC_009483.1	58.696	46	12	2	26	68	4918439	4918564	3.27e-05	49.3	71.74	0/2
McdA	NC_014216.1	60.465	43	16	1	26	68	2326083	2325958	3.82e-05	49.3	74.42	0/-3
McdA	NZ_AUCV01000017.1	55.814	43	18	1	26	68	38911	38786	3.84e-05	49.3	74.42	0/-3
McdA	NC_013440.1	60.526	38	14	1	30	67	6387545	6387655	3.93e-05	49.3	76.32	0/2
McdA	NC_013440.1	54.902	51	22	1	18	68	148097	147948	4.63e-05	48.9	64.71	0/-3
McdA	NZ_CP009788.1	61.905	42	15	1	27	68	3431381	3431259	4.07e-05	49.3	71.43	0/-3
McdA	NZ_AUEY01000055.1	53.488	43	19	1	26	68	10644	10769	4.16e-05	48.9	72.09	0/3
McdA	NZ_CP012332.1	58.140	43	17	1	26	68	3789475	3789600	4.19e-05	49.3	74.42	0/1
McdA	NZ_JMCB01000019.1	56.818	44	19	0	27	70	16059	15928	4.45e-05	48.9	68.18	0/-2
McdA	NZ_RAWK01000043.1	58.974	39	15	1	27	65	19703	19816	4.67e-05	48.9	76.92	0/2
McdA	NZ_SSYB01000004.1	60.870	46	11	2	26	68	805897	806022	4.80e-05	48.9	69.57	0/1
McdA	NZ_SRSC01000001.1	60.870	46	11	2	26	68	858734	858609	4.80e-05	48.9	69.57	0/-2
McdA	NZ_SSYA01000001.1	60.870	46	11	2	26	68	1125649	1125524	4.97e-05	48.9	69.57	0/-1
McdA	NZ_RAHW01000001.1	60.870	46	11	2	26	68	807551	807676	5.07e-05	48.9	69.57	0/2
McdA	NZ_QUMU01000006.1	58.140	43	17	1	26	68	204665	204540	5.20e-05	48.9	69.77	0/-3
McdA	NZ_CP015518.1	60.465	43	16	1	26	68	1413563	1413688	5.45e-05	48.9	72.09	0/2
McdA	NC_014365.1	60.465	43	16	1	26	68	1201913	1202038	5.60e-05	48.9	69.77	0/2
McdA	NZ_BBCC01000006.1	55.814	43	18	1	29	71	11105	10980	5.72e-05	48.5	69.77	0/-2
McdA	NZ_JPMI01000175.1	58.140	43	17	1	26	68	43343	43218	5.75e-05	48.5	69.77	0/-2
McdA	NZ_KE387006.1	58.140	43	17	1	26	68	104864	104989	5.80e-05	48.5	74.42	0/2
McdA	NZ_FOAP01000008.1	59.524	42	17	0	27	68	355188	355313	6.02e-05	48.5	66.67	0/3
McdA	NZ_BLXX01000002.1	60.870	46	11	2	26	68	358508	358383	6.02e-05	48.5	69.57	0/-2
McdA	NZ_WVUD01000007.1	58.140	43	17	1	26	68	46596	46471	6.28e-05	48.5	69.77	0/-3
McdA	NZ_BLXZ01000002.1	60.870	46	11	2	26	68	289721	289596	6.36e-05	48.5	69.57	0/-3
McdA	NZ_CM001368.1	58.140	43	17	1	26	68	2788749	2788874	6.36e-05	48.5	69.77	0/3
McdA	NZ_NETK01000002.1	60.465	43	16	1	26	68	383929	383804	7.09e-05	48.5	72.09	0/-2
McdA	NZ_AP021876.1	53.488	43	19	1	29	71	448886	449011	7.09e-05	48.5	69.77	0/2
McdA	NZ_JMKT01000008.1	55.814	43	18	1	26	68	63727	63852	7.48e-05	48.5	69.77	0/1
McdA	NZ_FRFE01000031.1	56.522	46	19	1	26	71	3172	3038	7.78e-05	48.1	65.22	0/-3
McdA	NZ_FRDI01000010.1	55.814	43	18	1	26	68	46975	47100	8.78e-05	48.1	72.09	0/1


