# tblastn
# Iteration: 0
# Query: McdA
# RID: 6YU4WBZF013
# Database: ref_prok_rep_genomes
# Fields: query acc.ver, subject acc.ver, % identity, alignment length, mismatches, gap opens, q. start, q. end, s. start, s. end, evalue, bit score, % positives, query/sbjct frames
# 411 hits found
McdA	NZ_FTPK01000002.1	52.475	202	84	5	26	227	309372	308803	1.76e-45	169	66.34	0/-3
McdA	NZ_MVBK01000042.1	53.695	203	83	5	26	228	35630	36205	2.59e-45	169	63.05	0/2
McdA	NC_011901.1	51.724	203	87	5	26	228	3345330	3344755	4.76e-45	168	63.55	0/-2
McdA	NC_011901.1	36.364	176	103	5	26	201	2003177	2003677	1.15e-17	89.0	48.30	0/2
McdA	NC_011901.1	34.884	129	74	3	27	155	12368	12724	4.00e-09	63.9	45.74	0/2
McdA	NZ_CP011367.1	52.475	202	85	5	26	227	2037237	2036665	2.91e-44	166	62.38	0/-1
McdA	NZ_CP033040.1	46.798	203	97	5	26	228	1572895	1572320	2.06e-43	163	64.04	0/-1
McdA	NZ_CP033040.1	67.442	43	13	1	26	68	2802265	2802140	1.33e-05	53.1	74.42	0/-1
McdA	NZ_KB913033.1	49.754	203	91	5	26	228	1798129	1798704	1.14e-42	161	64.04	0/1
McdA	NZ_ARQK01000061.1	51.724	203	87	5	26	228	51558	52133	1.60e-42	160	62.07	0/3
McdA	NZ_JAGP01000001.1	46.341	205	95	5	26	228	1280908	1280333	2.00e-41	157	63.90	0/-2
McdA	NZ_JAGP01000001.1	60.465	43	16	1	26	68	2281015	2280890	4.66e-05	51.6	74.42	0/-2
McdA	NC_007520.2	46.829	205	94	5	26	228	1096587	1097162	4.27e-41	156	62.93	0/3
McdA	NZ_CP035033.1	47.317	205	93	5	26	228	1353066	1353641	1.83e-40	155	62.93	0/3
McdA	NZ_AP021889.1	46.341	205	95	5	26	228	1292877	1293452	2.98e-40	154	62.93	0/3
McdA	NZ_MUZR01000023.1	52.217	203	86	5	26	228	20690	20115	5.13e-40	153	62.07	0/-3
McdA	NZ_AP020335.1	45.050	202	100	5	26	227	1448371	1447799	1.30e-39	152	63.86	0/-3
McdA	NZ_AP020335.1	58.140	43	17	1	26	68	2445576	2445451	5.80e-05	51.2	74.42	0/-1
McdA	NZ_FOMJ01000004.1	47.783	203	95	5	26	228	115696	115121	6.54e-39	150	62.56	0/-3
McdA	NZ_KI519609.1	48.768	203	93	5	26	228	1447195	1446620	3.70e-38	148	64.04	0/-3
McdA	NZ_KI519609.1	60.465	43	16	1	26	68	143311	143436	6.13e-05	51.2	76.74	0/1
McdA	NZ_QZMU01000001.1	44.554	202	101	4	26	227	1246783	1246211	9.56e-37	144	58.91	0/-2
McdA	NZ_QZMU01000001.1	31.148	122	83	1	27	148	1862376	1862014	2.08e-07	58.9	43.44	0/-3
McdA	NZ_SOQX01000001.1	44.554	202	97	5	26	227	428129	428689	3.25e-35	139	59.90	0/2
McdA	NZ_SOQX01000001.1	28.926	121	77	2	27	147	298327	298662	1.83e-06	55.8	45.45	0/1
McdA	NZ_CP019434.1	49.231	195	87	5	27	221	2284779	2284231	1.07e-34	138	60.51	0/-3
McdA	NZ_CP017448.1	47.761	201	93	4	27	227	3060311	3059745	1.77e-34	137	60.20	0/-3
McdA	NZ_JQSG02000006.1	48.259	201	92	5	27	227	208700	208134	3.02e-34	137	60.70	0/-2
McdA	NC_013422.1	44.335	203	103	4	26	228	982976	982398	4.45e-33	133	57.14	0/-2
McdA	NZ_AP018725.1	43.627	204	98	5	26	227	522021	522587	1.36e-32	132	58.33	0/3
McdA	NZ_AP018725.1	31.200	125	76	3	26	150	3054269	3054613	3.93e-08	60.8	44.80	0/2
McdA	NZ_VWXX01000032.1	41.584	202	107	4	26	227	10086	9514	1.56e-32	132	54.95	0/-1
McdA	NZ_AFWV01000012.1	42.347	196	101	4	26	221	114958	115509	1.79e-32	132	56.12	0/1
McdA	NC_019902.2	41.379	203	107	4	26	228	3121094	3120522	8.99e-32	129	55.67	0/-1
McdA	NZ_FNNZ01000018.1	42.347	196	101	4	26	221	59866	59315	9.66e-32	129	56.63	0/-1
McdA	NZ_CP046415.1	45.813	203	99	4	26	228	838268	837693	5.36e-31	127	55.67	0/-2
McdA	NZ_PSYR01000002.1	46.040	202	90	6	27	226	325128	325682	2.79e-30	125	55.94	0/3
McdA	NZ_CP007029.1	42.347	196	101	4	26	221	2706002	2705451	4.09e-30	125	56.12	0/-2
McdA	NZ_RBXL01000001.1	40.816	196	104	4	26	221	5710122	5709571	1.69e-29	123	55.10	0/-2
McdA	NZ_JQNW01000012.1	36.139	202	117	6	26	227	15509	14940	4.99e-21	99.0	51.49	0/-1
McdA	NZ_ATUE01000006.1	35.429	175	104	5	26	200	126515	127012	3.63e-20	96.3	50.29	0/2
McdA	NZ_CM002140.1	35.149	202	119	6	26	227	11086	11655	4.31e-20	96.3	51.49	0/1
McdA	NZ_CM002140.1	34.483	116	70	2	31	146	42516	42187	7.30e-07	57.0	43.97	0/-2
McdA	NZ_FNII01000033.1	34.653	202	120	6	26	227	2027	2596	5.56e-20	95.9	52.48	0/2
McdA	NZ_AJKS02000006.1	34.158	202	121	6	26	227	10909	10340	1.37e-19	94.7	50.99	0/-3
McdA	NZ_KB907965.1	34.158	202	121	6	26	227	463	1032	1.56e-19	94.4	52.97	0/1
McdA	NZ_AGJP01000001.1	36.571	175	102	5	26	200	1704138	1704635	2.28e-19	94.0	49.14	0/3
McdA	NZ_FOAA01000025.1	34.483	203	121	6	26	228	9284	8712	4.67e-19	93.2	50.25	0/-3
McdA	NZ_JACCAJ010000001.1	35.227	176	105	5	26	201	12008	11508	4.96e-19	93.2	47.73	0/-2
McdA	NZ_QWBW01000013.1	36.571	175	102	5	26	200	36606	37103	8.34e-19	92.4	48.00	0/3
McdA	NC_002977.6	33.168	202	123	6	26	227	2533559	2534128	1.90e-18	91.3	50.99	0/2
McdA	NZ_RFFM01000010.1	35.795	176	104	5	26	201	25665	25165	1.95e-18	91.3	48.30	0/-1
McdA	NZ_FNIJ01000011.1	36.932	176	102	5	26	201	140566	140066	2.90e-18	90.9	48.30	0/-3
McdA	NZ_RBSO01000119.1	32.178	202	125	6	26	227	1936	1367	4.18e-18	90.1	52.48	0/-2
McdA	NZ_LJQT01000305.1	32.178	202	125	6	26	227	934	365	4.56e-18	90.1	52.48	0/-3
McdA	NZ_AP018722.1	34.804	204	111	5	26	228	2251911	2251363	6.96e-18	89.7	48.53	0/-3
McdA	NZ_AP018722.1	62.791	43	15	1	26	68	2418022	2417897	9.74e-06	53.9	76.74	0/-2
McdA	NZ_QRBE01000001.1	36.932	176	102	5	26	201	808289	808789	9.98e-18	89.4	47.73	0/2
McdA	NZ_CP047698.1	36.932	176	102	5	26	201	199947	200447	1.47e-17	88.6	47.73	0/3
McdA	NZ_SJRX01000002.1	35.795	176	104	5	26	201	405379	405879	1.50e-17	88.6	47.73	0/1
McdA	NZ_LT629797.1	36.364	176	103	5	26	201	2205937	2206437	2.86e-17	87.8	46.59	0/1
McdA	NZ_LT629797.1	35.227	176	105	5	26	201	4117072	4117572	4.77e-17	87.4	48.30	0/1
McdA	NZ_LT629797.1	37.333	150	87	4	26	175	2734668	2735096	1.01e-15	83.2	47.33	0/3
McdA	NZ_JACHXI010000054.1	35.795	176	104	5	26	201	226	726	3.10e-17	87.4	48.30	0/1
McdA	NZ_AP014862.1	36.932	176	102	5	26	201	2361358	2360858	3.15e-17	87.8	47.16	0/-2
McdA	NZ_CP043476.1	36.364	176	103	5	26	201	687670	688170	3.43e-17	87.8	47.73	0/1
McdA	NZ_CP043476.1	35.795	176	104	5	26	201	3159570	3160070	7.67e-17	86.7	47.16	0/3
McdA	NZ_CP043476.1	32.955	176	109	5	26	201	4559833	4559333	4.32e-15	81.6	47.73	0/-1
McdA	NZ_CP043476.1	32.520	123	76	2	26	148	2030085	2029738	6.42e-05	51.2	43.09	0/-2
McdA	NZ_FOWX01000038.1	36.364	176	103	5	26	201	15352	15852	3.48e-17	87.8	47.16	0/1
McdA	NZ_QASO01000005.1	36.364	176	103	5	26	201	75232	75732	3.51e-17	87.8	47.16	0/1
McdA	NZ_LLXS01000084.1	35.795	176	104	5	26	201	30500	30000	3.68e-17	87.4	48.30	0/-2
McdA	NZ_QJUO01000016.1	35.227	176	105	5	26	201	78372	77872	3.71e-17	87.4	48.30	0/-3
McdA	NZ_JAAZUH010000002.1	35.795	176	104	5	26	201	953675	954175	3.73e-17	87.4	48.30	0/2
McdA	NZ_JRUQ01000118.1	34.302	172	103	5	26	197	3368	2883	3.94e-17	87.4	51.16	0/-3
McdA	NZ_QJSA01000006.1	36.364	176	103	5	26	201	208873	209373	4.06e-17	87.4	47.16	0/1
McdA	NZ_FOXK01000006.1	36.364	176	103	5	26	201	81671	82171	4.06e-17	87.4	47.16	0/2
McdA	NZ_FNTJ01000003.1	35.795	176	104	5	26	201	133209	132709	4.38e-17	87.4	47.16	0/-1
McdA	NZ_LDJG01000008.1	35.227	176	105	5	26	201	203601	203101	5.14e-17	87.0	48.30	0/-3
McdA	NZ_AVPS01000004.1	35.227	176	105	5	26	201	211510	211010	5.15e-17	87.0	48.30	0/-2
McdA	NZ_ATUS01000004.1	36.420	162	96	4	26	187	149609	150073	5.24e-17	87.0	46.91	0/2
McdA	NZ_QASO01000032.1	35.227	176	105	5	26	201	47387	47887	5.27e-17	87.0	48.30	0/2
McdA	NZ_PZJU01000008.1	35.976	164	98	4	26	189	289511	289981	5.29e-17	87.0	48.17	0/2
McdA	NC_017856.1	35.227	176	105	5	26	201	978768	979268	5.30e-17	87.0	48.30	0/3
McdA	NZ_CP011971.1	35.795	176	104	5	26	201	1827626	1828126	5.35e-17	87.0	48.30	0/2
McdA	NZ_CP011971.1	30.159	126	75	3	27	150	3301478	3301134	1.26e-06	56.6	43.65	0/-1
McdA	NZ_CP011971.1	29.457	129	77	3	27	149	323801	323439	3.36e-06	55.1	45.74	0/-1
McdA	NZ_MJLZ01000040.1	35.227	176	105	5	26	201	33815	33315	5.38e-17	87.0	48.30	0/-3
McdA	NZ_JACLGO010000007.1	34.659	176	106	5	26	201	101968	102468	5.39e-17	87.0	48.30	0/1
McdA	NZ_VOHK01000003.1	35.795	176	104	5	26	201	539397	538897	5.55e-17	87.0	48.30	0/-1
McdA	NZ_FOFP01000029.1	36.364	176	103	5	26	201	24535	25035	5.59e-17	87.0	47.16	0/1
McdA	NZ_QJUJ01000002.1	34.659	176	106	5	26	201	472801	473301	5.61e-17	87.0	48.30	0/1
McdA	NZ_LZDB01000002.1	34.756	164	100	4	26	189	455645	456115	5.88e-17	87.0	48.78	0/2
McdA	NZ_LZDB01000002.1	28.205	156	105	4	27	181	1155032	1154583	2.39e-06	55.5	42.95	0/-3
McdA	NC_016147.2	34.659	176	106	5	26	201	1988685	1989185	5.99e-17	87.0	48.30	0/3
McdA	NC_016147.2	33.333	129	66	3	26	148	223755	224099	1.61e-06	56.2	44.19	0/3
McdA	NZ_FTOH01000011.1	36.000	175	103	5	26	200	38278	38775	7.28e-17	86.7	45.71	0/1
McdA	NZ_CDBJ01000071.1	34.659	176	106	5	26	201	201214	200714	7.44e-17	86.7	48.30	0/-2
McdA	NZ_JACCAH010000001.1	35.795	176	104	5	26	201	2124907	2124407	7.45e-17	86.7	47.16	0/-2
McdA	NZ_BCZZ01000006.1	35.227	176	105	5	26	201	157112	157612	8.58e-17	86.7	48.30	0/2
McdA	NZ_LT629748.1	36.585	164	97	4	26	189	1594984	1595454	9.10e-17	86.3	47.56	0/1
McdA	NZ_CP047495.1	35.976	164	98	4	26	189	3064526	3064996	1.29e-16	85.9	48.17	0/2
McdA	NZ_FORC01000001.1	36.364	176	103	5	26	201	236687	237187	1.38e-16	85.9	46.59	0/2
McdA	NZ_CM002299.1	34.659	176	106	5	26	201	2849904	2849404	1.53e-16	85.9	48.30	0/-2
McdA	NC_012560.1	34.659	176	106	5	26	201	3667812	3667312	1.59e-16	85.9	47.16	0/-2
McdA	NZ_ARQK01000007.1	32.178	202	125	6	26	227	1993	2562	1.61e-16	85.5	49.01	0/1
McdA	NZ_AWSQ01000007.1	34.091	176	107	5	26	201	66023	66523	2.31e-16	85.1	47.16	0/2
McdA	NZ_JAAN01000047.1	35.227	176	105	5	26	201	46486	46986	2.64e-16	85.1	47.16	0/1
McdA	NZ_VOHK01000001.1	35.227	176	105	5	26	201	370980	370480	2.65e-16	85.1	47.16	0/-3
McdA	NZ_JACERI010000001.1	35.227	176	105	5	26	201	1143139	1142639	2.70e-16	85.1	48.30	0/-1
McdA	NZ_PHTD01000001.1	35.227	176	105	5	26	201	276320	275820	2.73e-16	85.1	48.30	0/-1
McdA	NZ_KE384410.1	34.091	176	107	5	26	201	25800	25300	3.02e-16	84.7	46.59	0/-1
McdA	NZ_HG916826.1	34.659	176	106	5	26	201	3679671	3679171	3.06e-16	84.7	47.73	0/-2
McdA	NZ_CP049117.1	32.500	200	123	6	26	225	72802	72239	3.41e-16	84.7	52.00	0/-2
McdA	NZ_FCOY01000006.1	34.091	176	107	5	26	201	822533	823033	3.84e-16	84.7	48.30	0/2
McdA	NZ_ATUS01000006.1	35.227	176	105	5	26	201	110594	110094	3.98e-16	84.7	47.73	0/-3
McdA	NZ_JAAMOW010000007.1	36.571	175	102	5	26	200	193473	192976	4.29e-16	84.3	49.14	0/-2
McdA	NC_018691.1	35.227	176	105	5	26	201	3063625	3064125	4.55e-16	84.3	47.73	0/1
McdA	NZ_CP012900.1	35.795	176	104	5	26	201	2359936	2359436	5.15e-16	84.3	47.16	0/-1
McdA	NZ_BLJF01000001.1	34.091	176	107	5	26	201	2592792	2593292	6.04e-16	84.0	47.73	0/3
McdA	NZ_FUKI01000129.1	32.955	176	106	6	26	201	356	847	6.11e-16	84.0	51.70	0/2
McdA	NZ_AOFQ01000058.1	35.366	164	99	4	26	189	41135	40665	6.25e-16	84.0	47.56	0/-2
McdA	NZ_CP012257.1	33.523	176	108	5	26	201	262409	261909	7.37e-16	84.0	47.16	0/-1
McdA	NZ_CP012268.1	33.523	176	108	5	26	201	1392671	1393171	7.37e-16	84.0	47.16	0/2
McdA	NZ_FNTJ01000001.1	33.523	176	108	5	26	201	3639712	3639212	7.37e-16	84.0	47.16	0/-3
McdA	NZ_FNTJ01000001.1	33.523	176	108	5	26	201	511	11	9.08e-16	83.6	47.16	0/-3
McdA	NZ_NMQZ01000002.1	35.227	176	105	5	26	201	47344	47844	8.56e-16	83.6	47.73	0/1
McdA	NZ_QUZT01000067.1	34.091	176	107	5	26	201	27711	28211	9.04e-16	83.6	47.73	0/3
McdA	NZ_JAAN01000012.1	34.659	176	106	5	26	201	53483	52983	1.06e-15	83.2	47.73	0/-1
McdA	NZ_FZPB01000002.1	34.091	176	107	5	26	201	190742	191242	1.07e-15	83.2	47.16	0/2
McdA	NZ_KB904800.1	34.857	175	102	6	26	200	881	393	1.60e-15	82.4	48.00	0/-3
McdA	NZ_FNJJ01000003.1	35.227	176	105	5	26	201	434883	435383	2.74e-15	82.0	47.73	0/3
McdA	NZ_AUAF01000245.1	31.633	196	122	7	26	221	1599	1048	8.74e-15	80.5	50.51	0/-1
McdA	NZ_FXAM01000001.1	32.673	202	124	6	26	227	1953633	1954202	1.42e-14	80.1	48.51	0/3
McdA	NZ_AUCC01000251.1	35.606	132	78	4	26	157	414	40	1.69e-14	79.0	53.79	0/-1
McdA	NZ_LT699746.1	31.683	202	125	6	26	227	93146	92580	2.09e-14	79.3	49.01	0/-2
McdA	NZ_JYNS01000005.1	32.927	164	100	5	26	189	165221	164760	2.15e-14	79.3	50.61	0/-2
McdA	NZ_JABRVQ010000027.1	32.955	176	105	6	26	201	15269	15757	5.96e-14	78.2	48.86	0/2
McdA	NZ_BMZR01000010.1	32.955	176	105	6	26	201	28284	28772	6.99e-14	77.8	48.86	0/3
McdA	NZ_FOXK01000010.1	35.227	176	105	5	26	201	158569	158069	7.82e-14	77.8	46.02	0/-3
McdA	NC_010995.1	37.903	124	74	2	27	150	195791	196153	7.83e-14	77.8	50.81	0/2
McdA	NZ_FNAL01000022.1	32.955	176	105	6	26	201	12138	11650	9.79e-14	77.4	48.86	0/-1
McdA	NZ_FOSR01000007.1	32.955	176	109	5	26	201	169591	170091	1.01e-13	77.4	46.02	0/1
McdA	NZ_QGGM01000019.1	32.955	176	105	6	26	201	40089	39601	1.20e-13	77.4	48.86	0/-3
McdA	NZ_JABASU010000041.1	32.386	176	106	6	26	201	8606	8118	2.14e-13	76.6	48.86	0/-3
McdA	NZ_AP018724.1	37.500	128	67	3	29	150	747515	747877	2.50e-13	76.3	49.22	0/2
McdA	NZ_AP018724.1	33.871	124	74	2	27	150	349991	349644	5.64e-09	63.5	45.16	0/-3
McdA	NZ_JABASR010000018.1	32.386	176	106	6	26	201	41250	41738	3.01e-13	76.3	48.86	0/3
McdA	NZ_CP051184.1	28.261	184	123	5	18	200	30084	30611	5.09e-13	75.5	47.28	0/3
McdA	NZ_QLKS01000013.1	33.714	175	103	6	26	200	7849	7364	6.47e-13	75.1	48.00	0/-1
McdA	NZ_JABASS010000020.1	33.714	175	103	6	26	200	76	561	6.79e-13	75.1	48.00	0/1
McdA	NZ_BMYZ01000003.1	37.097	124	75	2	27	150	426172	426534	6.89e-13	75.1	50.81	0/1
McdA	NZ_NMQZ01000015.1	35.955	178	100	5	26	200	117193	117693	8.29e-13	74.7	43.82	0/1
McdA	NZ_WNKT01000046.1	31.313	198	122	6	26	223	2407	2958	8.43e-13	74.7	48.48	0/1
McdA	NZ_LNDJ01000101.1	32.571	175	105	6	26	200	12591	12106	8.46e-13	74.7	49.14	0/-3
McdA	NZ_JABUKA010000011.1	33.714	175	103	6	26	200	31815	31330	1.00e-12	74.7	47.43	0/-2
McdA	NC_013862.1	31.818	198	121	6	26	223	88	639	1.05e-12	74.3	48.48	0/1
McdA	NZ_QGMP01000001.1	35.659	129	82	1	26	154	293100	292717	1.06e-12	74.3	48.06	0/-2
McdA	NZ_FNDS01000024.1	32.386	176	106	6	26	201	12272	11784	1.31e-12	74.3	48.86	0/-1
McdA	NZ_NHNI01000001.1	36.290	124	76	2	27	150	2691950	2691588	1.64e-12	73.9	51.61	0/-1
McdA	NZ_CP014235.1	32.386	176	106	6	26	201	2557	3045	2.04e-12	73.6	47.16	0/1
McdA	NZ_WFKQ01000018.1	31.818	176	107	6	26	201	10068	9580	2.29e-12	73.6	48.30	0/-3
McdA	NZ_KB849515.1	29.592	196	125	6	26	221	5366	4818	2.84e-12	73.2	50.51	0/-3
McdA	NZ_JYNN01000068.1	29.268	164	110	4	26	189	2452	1979	4.52e-12	72.4	48.17	0/-1
McdA	NZ_ATXQ01000018.1	31.250	176	108	6	26	201	2733	2245	4.60e-12	72.4	47.73	0/-3
McdA	NZ_CP012711.1	32.000	175	106	6	26	200	4320	4805	6.57e-12	72.0	47.43	0/3
McdA	NC_007968.1	32.000	175	106	6	26	200	20486	20971	7.07e-12	72.0	48.00	0/2
McdA	NZ_MDCD01000095.1	31.818	176	108	6	26	201	2125	1634	7.37e-12	72.0	47.73	0/-2
McdA	NZ_VARQ01000082.1	28.000	175	114	6	26	200	4538	4050	1.02e-11	71.6	50.29	0/-3
McdA	NZ_AUCC01000170.1	27.841	176	114	6	26	201	1053	565	1.16e-11	71.2	48.86	0/-2
McdA	NZ_FXAM01000003.1	29.208	202	136	4	26	227	125861	125277	1.40e-11	71.2	43.07	0/-1
McdA	NZ_QPEP01000001.1	35.000	120	77	1	29	148	346484	346840	1.40e-11	71.2	46.67	0/2
McdA	NZ_SRMF01000009.1	33.065	124	82	1	31	154	125598	125966	1.43e-11	71.2	44.35	0/3
McdA	NZ_LR824640.1	31.522	184	113	6	18	201	12553	13065	1.65e-11	70.9	47.28	0/1
McdA	NZ_JAAMQY010000016.1	29.545	176	117	4	26	201	494	1000	2.48e-11	70.5	46.59	0/2
McdA	NZ_QAON01000029.1	30.286	175	111	5	26	200	10735	10244	3.62e-11	70.1	46.86	0/-2
McdA	NZ_VCQT01000044.1	33.714	175	108	4	26	200	1256	1756	4.88e-11	69.7	42.86	0/2
McdA	NZ_FMYL01000012.1	30.114	176	110	6	26	201	1999	1511	5.53e-11	69.3	48.30	0/-2
McdA	NZ_KB902386.1	30.682	176	111	6	26	201	82963	82469	7.48e-11	68.9	47.16	0/-3
McdA	NZ_CP004387.1	31.461	178	111	4	26	200	435430	434921	1.20e-10	68.6	43.82	0/-2
McdA	NZ_JABFFS010000003.1	30.682	176	109	5	26	201	16073	15585	1.38e-10	68.2	45.45	0/-1
McdA	NZ_CP037953.1	36.290	124	76	2	27	150	3996273	3995911	1.90e-10	67.8	51.61	0/-1
McdA	NZ_KB902452.1	30.682	176	111	6	26	201	80045	79551	2.36e-10	67.4	46.59	0/-1
McdA	NC_020888.1	34.400	125	80	2	27	150	3821819	3822190	3.00e-10	67.4	46.40	0/2
McdA	NZ_KB900536.1	34.351	131	76	3	27	157	2339838	2340200	6.56e-10	66.2	46.56	0/3
McdA	NZ_KB900536.1	30.168	179	107	5	27	199	2516352	2516852	1.60e-07	58.9	44.69	0/3
McdA	NZ_CP051183.1	31.967	122	82	1	27	148	3433710	3433348	7.41e-10	66.2	44.26	0/-1
McdA	NZ_RBSO01000223.1	30.682	176	109	6	26	201	2526	3014	8.63e-10	65.9	45.45	0/3
McdA	NC_004633.1	30.682	176	109	6	26	201	17633	18121	9.74e-10	65.9	45.45	0/2
McdA	NZ_PGGC01000114.1	27.473	182	119	5	20	201	3178	2672	1.20e-09	65.5	46.70	0/-2
McdA	NZ_JACONS010000010.1	29.592	196	123	8	26	221	75512	74970	2.43e-09	64.7	46.94	0/-1
McdA	NZ_FOMJ01000003.1	35.484	124	66	3	27	144	29622	29969	2.91e-09	64.3	45.16	0/3
McdA	NZ_VRKO01000007.1	29.592	196	123	8	26	221	129133	128591	3.22e-09	64.3	46.94	0/-1
McdA	NZ_MVBK01000062.1	33.588	131	77	3	27	157	43404	43766	3.51e-09	63.9	46.56	0/3
McdA	NZ_CP032132.1	25.000	196	138	5	26	221	11172	11732	3.88e-09	63.9	43.37	0/3
McdA	NZ_CM012324.1	25.000	196	138	5	26	221	35732	36292	3.88e-09	63.9	43.37	0/2
McdA	NZ_CP035935.1	25.000	196	138	5	26	221	16112	16672	3.89e-09	63.9	43.37	0/2
McdA	NZ_SMFQ01000003.1	31.746	126	81	3	27	150	1218138	1217770	3.92e-09	63.9	44.44	0/-2
McdA	NZ_PYIX02000071.1	30.968	155	92	5	26	180	925	1344	7.64e-09	63.2	45.81	0/1
McdA	NZ_QOVA01000008.1	28.218	202	130	8	20	221	153344	152784	7.72e-09	63.2	46.53	0/-3
McdA	NZ_SOQX01000008.1	32.258	124	83	1	27	150	119877	119509	8.15e-09	63.2	45.16	0/-2
McdA	NZ_BMZT01000009.1	32.716	162	100	5	40	201	76510	76968	1.00e-08	62.8	44.44	0/1
McdA	NZ_LUKQ02000041.1	34.167	120	77	2	27	146	12337	11984	1.32e-08	62.4	42.50	0/-3
McdA	NZ_LDOS01000001.1	31.395	172	106	5	29	200	828592	829071	1.87e-08	62.0	45.35	0/1
McdA	NZ_CP023568.1	29.293	198	121	8	26	221	30710	31252	1.87e-08	62.0	43.94	0/2
McdA	NZ_FUZI01000018.1	30.814	172	107	5	26	195	18716	18231	1.93e-08	62.0	41.86	0/-3
McdA	NZ_FUWP01000034.1	30.814	172	107	5	26	195	19532	19047	1.94e-08	62.0	41.86	0/-1
McdA	NZ_CP034151.1	32.308	130	79	4	26	155	20223	20585	2.98e-08	61.2	48.46	0/3
McdA	NZ_RHDS01000014.1	32.308	130	79	4	26	155	68421	68783	2.98e-08	61.2	48.46	0/3
McdA	NZ_SMFX01000001.1	26.000	200	142	4	27	226	1514565	1513984	3.14e-08	61.2	40.50	0/-1
McdA	NZ_CP012154.1	33.099	142	51	3	26	150	1077792	1077448	4.19e-08	60.8	40.14	0/-2
McdA	NZ_CP012154.1	60.465	43	16	1	26	68	162420	162545	8.91e-05	50.8	74.42	0/3
McdA	NZ_PYNE01000036.1	30.233	172	108	5	26	195	14589	14104	4.35e-08	60.8	41.28	0/-1
McdA	NZ_PDWR01000005.1	34.146	123	74	2	26	148	60333	59986	4.42e-08	60.8	43.90	0/-3
McdA	NZ_CP035938.1	29.677	155	94	5	26	180	4249	4668	5.09e-08	60.5	43.87	0/1
McdA	NZ_CP035703.1	31.343	134	86	3	26	159	13101	12718	6.30e-08	60.5	41.79	0/-1
McdA	NZ_AUGV01000003.1	34.127	126	70	3	29	148	368280	367924	6.84e-08	60.1	44.44	0/-2
McdA	NZ_RQRU01000001.1	25.309	162	118	2	26	187	568889	568413	6.91e-08	60.1	45.06	0/-3
McdA	NZ_RYEV01000003.1	30.952	126	74	3	27	150	89077	89421	7.44e-08	60.1	45.24	0/1
McdA	NZ_RYEV01000003.1	31.783	129	74	4	27	149	666856	666494	4.11e-06	54.7	45.74	0/-2
McdA	NZ_QPJY01000003.1	31.757	148	98	2	29	176	232648	233082	8.00e-08	60.1	39.19	0/1
McdA	NZ_PGFZ01000051.1	32.787	122	74	3	26	146	745	1089	9.58e-08	59.7	43.44	0/1
McdA	NZ_FNPK01000035.1	30.000	150	92	5	26	175	2962	3372	9.95e-08	59.7	45.33	0/1
McdA	NZ_PDWQ01000001.1	34.959	123	73	2	26	148	388286	387939	1.03e-07	59.7	45.53	0/-3
McdA	NZ_KE386615.1	25.714	175	118	5	26	200	18577	18089	1.14e-07	59.7	42.29	0/-1
McdA	NZ_JXBK01000003.1	30.000	150	92	5	26	175	12831	12421	1.41e-07	59.3	44.67	0/-2
McdA	NZ_NIFO01000037.1	30.000	150	92	5	26	175	18507	18097	1.43e-07	59.3	44.67	0/-2
McdA	NZ_CP032133.1	30.000	150	92	5	26	175	9386	8976	1.45e-07	59.3	44.67	0/-3
McdA	NZ_SRSH01000006.1	31.098	164	99	5	26	189	154689	155138	1.50e-07	59.3	42.07	0/3
McdA	NZ_KE386844.1	35.659	129	63	3	26	148	257757	257413	1.56e-07	59.3	41.86	0/-2
McdA	NZ_RJVI01000001.1	34.400	125	72	3	26	150	299150	299494	1.97e-07	58.9	44.80	0/2
McdA	NZ_MVBK01000035.1	34.109	129	71	3	27	149	53042	53404	2.39e-07	58.5	45.74	0/2
McdA	NZ_KB891587.1	33.600	125	79	3	27	150	30096	29731	2.69e-07	58.5	44.00	0/-1
McdA	NZ_FUXP01000004.1	32.571	175	107	4	26	200	125937	126428	2.71e-07	58.5	42.86	0/3
McdA	NZ_DF093603.1	29.651	172	109	5	26	195	7564	8049	3.04e-07	58.2	41.28	0/1
McdA	NZ_QUZK01000044.1	28.000	175	112	4	26	200	33603	33121	3.07e-07	58.2	43.43	0/-1
McdA	NZ_BMZL01000001.1	32.051	156	96	3	29	184	2081266	2081703	3.62e-07	58.2	42.31	0/1
McdA	NZ_BMZL01000001.1	62.791	43	15	1	26	68	1810373	1810498	7.56e-05	51.2	74.42	0/2
McdA	NZ_NJAK01000003.1	30.769	130	81	4	26	155	24445	24807	3.97e-07	57.8	46.92	0/1
McdA	NZ_BMXA01000002.1	31.452	124	75	2	27	150	120473	120814	4.00e-07	57.8	43.55	0/2
McdA	NZ_QWEZ01000002.1	32.500	120	80	1	29	148	282910	283266	4.08e-07	57.8	45.83	0/1
McdA	NZ_SSHW01000019.1	29.651	172	109	5	26	195	4232	3747	4.33e-07	57.8	41.28	0/-3
McdA	NZ_OCND01000007.1	32.520	123	76	3	26	148	57433	57780	4.34e-07	57.8	46.34	0/1
McdA	NZ_CP011412.1	27.160	162	114	3	27	188	1198284	1197811	4.60e-07	57.8	41.36	0/-1
McdA	NZ_CP011412.1	26.286	175	117	5	26	200	2742451	2742939	1.03e-06	56.6	41.14	0/1
McdA	NZ_CP010975.1	26.554	177	114	8	26	195	1509385	1508882	5.09e-07	57.8	45.76	0/-1
McdA	NZ_FOMJ01000002.1	32.258	124	74	2	27	150	157651	157310	5.47e-07	57.4	42.74	0/-1
McdA	NZ_AUCC01000102.1	32.520	123	72	4	26	147	2324	1986	6.86e-07	57.0	46.34	0/-2
McdA	NZ_CP012418.1	26.923	156	106	5	26	180	1518231	1517785	6.96e-07	57.4	45.51	0/-3
McdA	NZ_VOHK01000005.1	31.788	151	95	3	26	176	368567	368139	7.09e-07	57.0	43.05	0/-2
McdA	NZ_CM002139.1	34.483	116	70	2	31	146	4722325	4721996	7.36e-07	57.0	43.97	0/-2
McdA	NZ_CM002139.1	34.483	116	70	2	31	146	593235	593564	7.36e-07	57.0	43.97	0/3
McdA	NZ_ML636798.1	35.772	123	73	2	26	148	1612995	1612645	9.01e-07	57.0	44.72	0/-2
McdA	NZ_ATZE01000027.1	30.833	120	81	2	27	146	29459	29812	9.56e-07	56.6	42.50	0/2
McdA	NZ_LVEG02000017.1	32.231	121	72	3	27	147	31213	30881	9.76e-07	56.6	45.45	0/-3
McdA	NZ_KE386918.1	30.769	130	81	4	26	155	12198	11836	1.13e-06	56.6	46.92	0/-2
McdA	NZ_CP023465.1	30.286	175	111	5	26	200	169520	169029	1.16e-06	56.6	43.43	0/-2
McdA	NZ_CP023465.1	65.116	43	14	1	26	68	5760673	5760798	4.37e-05	51.6	74.42	0/1
McdA	NZ_MLJI01000002.1	28.824	170	111	5	26	195	742028	741549	1.26e-06	56.6	41.18	0/-3
McdA	NZ_KI530765.1	28.667	150	93	5	26	175	66263	66670	1.28e-06	56.2	44.00	0/2
McdA	NZ_FUGE01000062.1	24.074	162	120	2	26	187	4617	4141	1.33e-06	56.2	44.44	0/-3
McdA	NZ_JQMM01000001.1	32.540	126	71	3	27	146	910849	910496	1.52e-06	56.2	43.65	0/-2
McdA	NZ_LSRW01000004.1	30.159	126	75	3	27	150	89753	90097	1.54e-06	56.2	43.65	0/2
McdA	NZ_SZUA01000002.1	29.143	175	114	4	26	200	193366	193860	2.08e-06	55.8	44.00	0/1
McdA	NZ_PDWP01000019.1	35.772	123	72	2	26	148	48873	48526	2.09e-06	55.8	43.09	0/-3
McdA	NZ_FMYO01000008.1	25.153	163	112	4	26	188	17510	17968	2.13e-06	55.8	46.01	0/2
McdA	NZ_RYFW01000001.1	31.783	129	74	3	27	149	1833752	1833390	2.20e-06	55.8	44.19	0/-2
McdA	NZ_RYFW01000001.1	29.032	124	75	3	29	150	787753	787415	1.04e-05	53.5	43.55	0/-3
McdA	NZ_FOEG01000001.1	33.333	120	79	1	27	146	724708	725064	2.35e-06	55.5	42.50	0/1
McdA	NZ_UFSB01000001.1	27.097	155	102	4	26	180	1441855	1442286	2.35e-06	55.5	45.16	0/1
McdA	NZ_LDJL01000001.1	35.246	122	72	2	26	147	164184	163840	2.79e-06	55.5	43.44	0/-2
McdA	NZ_SMTF01000006.1	29.143	175	114	4	26	200	152400	152894	2.82e-06	55.5	42.29	0/3
McdA	NZ_PDWM01000012.1	31.333	150	94	3	26	175	37954	37532	3.05e-06	55.1	42.67	0/-3
McdA	NZ_LSRW01000002.1	31.783	129	74	3	27	149	1333	1695	3.11e-06	55.1	44.19	0/1
McdA	NZ_CP033326.1	34.146	123	74	2	26	148	4413663	4413316	3.24e-06	55.1	43.09	0/-1
McdA	NZ_CP033326.1	62.791	43	15	1	26	68	4209977	4210102	6.36e-05	51.2	74.42	0/2
McdA	NZ_BCUH01000003.1	24.074	162	120	2	26	187	74137	74613	3.38e-06	55.1	43.83	0/1
McdA	NZ_AP014936.1	31.200	125	76	3	26	150	3614400	3614744	3.42e-06	55.1	44.80	0/3
McdA	NZ_QICH01000002.1	26.923	156	106	5	26	180	42758	42312	3.55e-06	55.1	44.23	0/-1
McdA	NZ_FUGD01000033.1	23.457	162	121	2	26	187	11088	10612	3.80e-06	55.1	43.83	0/-3
McdA	NZ_PEAY01000003.1	28.155	206	136	5	26	228	340379	339789	3.96e-06	55.1	38.83	0/-3
McdA	NZ_PDWN01000001.1	31.481	162	96	4	26	184	237753	237304	4.00e-06	55.1	43.21	0/-2
McdA	NZ_CP014234.1	27.333	150	102	3	27	176	937104	936676	4.51e-06	54.7	45.33	0/-3
McdA	NZ_CP014234.1	51.111	45	22	0	26	70	139432	139298	6.42e-05	51.2	71.11	0/-2
McdA	NZ_AULN01000013.1	31.579	152	94	3	26	177	6091	5666	5.08e-06	54.7	44.08	0/-3
McdA	NZ_VOHJ01000021.1	33.784	148	89	3	29	176	19229	18813	5.52e-06	54.3	41.89	0/-3
McdA	NZ_JADLZT010000002.1	32.237	152	94	4	26	177	233507	233079	5.62e-06	54.3	43.42	0/-2
McdA	NZ_PDWO01000002.1	32.667	150	92	3	26	175	65055	64633	5.77e-06	54.3	42.00	0/-3
McdA	NZ_CP011131.1	28.571	175	114	4	26	200	155915	155424	6.22e-06	54.3	42.29	0/-1
McdA	NZ_CP011131.1	65.116	43	14	1	26	68	5770035	5770160	5.35e-05	51.6	74.42	0/3
McdA	NZ_CP011381.2	58.140	43	18	0	26	68	1254237	1254109	6.94e-06	54.3	74.42	0/-2
McdA	NZ_QNRT01000005.1	30.645	124	76	2	27	150	307869	308210	7.88e-06	53.9	43.55	0/3
McdA	NZ_BMDR01000015.1	30.894	123	80	4	26	147	20166	20522	8.10e-06	53.9	44.72	0/3
McdA	NC_007481.1	55.556	45	20	0	26	70	1664297	1664163	8.49e-06	53.9	75.56	0/-2
McdA	NZ_AVPS01000001.1	67.442	43	13	1	26	68	140070	139945	8.64e-06	53.9	76.74	0/-2
McdA	NC_013166.1	62.791	43	15	1	26	68	2841262	2841137	8.73e-06	53.9	74.42	0/-3
McdA	NZ_SMRQ01000005.1	65.116	43	14	1	26	68	48166	48041	8.74e-06	53.9	76.74	0/-3
McdA	NZ_JACHHZ010000006.1	29.457	129	77	3	27	149	553323	553685	8.80e-06	53.9	46.51	0/3
McdA	NZ_FUZV01000001.1	34.146	123	74	2	26	148	2131436	2131783	9.05e-06	53.9	43.90	0/2
McdA	NZ_JACHTF010000004.1	65.116	43	14	1	26	68	163238	163113	9.29e-06	53.9	76.74	0/-1
McdA	NZ_JACHHZ010000007.1	55.556	45	20	0	27	71	22007	22141	9.82e-06	53.9	66.67	0/2
McdA	NZ_CP041242.1	65.116	43	14	1	26	68	3794424	3794299	1.02e-05	53.5	76.74	0/-1
McdA	NZ_JACHHX010000008.1	34.426	122	72	2	27	148	18878	18537	1.03e-05	53.5	42.62	0/-3
McdA	NZ_KB893650.1	60.465	43	16	1	26	68	384949	385074	1.11e-05	53.5	74.42	0/1
McdA	NZ_CP025120.1	60.465	43	16	1	26	68	2641764	2641639	1.15e-05	53.5	74.42	0/-3
McdA	NZ_FSRE01000004.1	67.442	43	13	1	26	68	47684	47559	1.20e-05	53.5	74.42	0/-2
McdA	NZ_WJPN01000009.1	33.333	123	75	2	26	148	115168	114821	1.21e-05	53.5	43.09	0/-1
McdA	NZ_FMBK01000004.1	24.540	163	113	3	26	188	95039	95497	1.29e-05	53.5	43.56	0/2
McdA	NZ_VOHJ01000003.1	65.116	43	14	1	26	68	39194	39319	1.44e-05	53.1	76.74	0/2
McdA	NZ_VICE01000135.1	65.116	43	14	1	26	68	11764	11889	1.51e-05	53.1	76.74	0/1
McdA	NZ_CP011129.1	29.714	175	112	4	26	200	5528078	5528569	1.56e-05	53.1	41.71	0/2
McdA	NZ_CP011129.1	65.116	43	14	1	26	68	238953	238828	5.54e-05	51.6	74.42	0/-2
McdA	NZ_NSET01000021.1	33.333	123	75	2	26	148	238414	238067	1.70e-05	53.1	42.28	0/-3
McdA	NZ_CP029843.1	62.791	43	15	1	26	68	247732	247857	1.70e-05	53.1	76.74	0/1
McdA	NZ_MDEK01000017.1	33.333	123	75	2	26	148	55615	55268	1.71e-05	53.1	43.09	0/-2
McdA	NZ_FOFP01000028.1	33.523	176	108	7	26	200	39139	38636	1.81e-05	52.8	46.02	0/-3
McdA	NC_015581.1	60.465	43	16	1	26	68	1854428	1854303	1.92e-05	52.8	79.07	0/-1
McdA	NZ_RKQN01000002.1	32.895	152	93	4	26	177	688082	687654	1.94e-05	52.8	43.42	0/-1
McdA	NZ_QPJY01000001.1	62.222	45	16	1	26	70	141066	140935	1.94e-05	52.8	71.11	0/-2
McdA	NZ_KB905900.1	62.791	43	15	1	26	68	226940	226815	2.18e-05	52.8	76.74	0/-1
McdA	NZ_JACHHP010000002.1	62.791	43	15	1	26	68	632205	632080	2.20e-05	52.8	76.74	0/-3
McdA	NZ_CP007030.1	60.465	43	16	1	26	68	2070892	2070767	2.37e-05	52.8	79.07	0/-3
McdA	NZ_SNZB01000003.1	60.465	43	16	1	26	68	315416	315541	2.43e-05	52.4	74.42	0/2
McdA	NZ_AP014879.1	29.839	124	77	3	27	150	2561508	2561849	2.60e-05	52.4	45.16	0/3
McdA	NZ_QTSU01000003.1	65.116	43	14	1	26	68	101273	101398	2.64e-05	52.4	74.42	0/2
McdA	NZ_AUHT01000012.1	30.464	151	95	3	26	176	145800	146222	2.79e-05	52.4	41.72	0/3
McdA	NZ_PDWL01000002.1	34.146	123	74	2	26	148	31610	31957	2.79e-05	52.4	42.28	0/2
McdA	NZ_MSLT01000006.1	64.286	42	14	1	26	67	677747	677869	2.79e-05	52.4	73.81	0/2
McdA	NZ_QGGU01000008.1	24.378	201	135	7	26	221	168549	167983	3.03e-05	52.4	41.79	0/-1
McdA	NZ_FUXU01000239.1	58.696	46	17	1	26	71	254	123	3.06e-05	51.6	73.91	0/-3
McdA	NZ_KB899241.1	62.791	43	15	1	26	68	1537060	1537185	3.32e-05	52.0	74.42	0/1
McdA	NZ_CP027860.1	29.143	175	114	5	26	200	4945160	4945654	3.42e-05	52.0	42.29	0/2
McdA	NZ_WFKQ01000001.1	26.667	135	96	3	26	159	309566	309168	3.51e-05	52.0	45.93	0/-1
McdA	NZ_AP014940.1	29.605	152	98	3	26	177	6053453	6053881	3.51e-05	52.0	42.11	0/2
McdA	NZ_FUXP01000003.1	65.116	43	14	1	26	68	225451	225576	3.64e-05	52.0	74.42	0/1
McdA	NZ_AVPT01000021.1	65.116	43	14	1	26	68	24758	24633	3.71e-05	52.0	74.42	0/-3
McdA	NZ_CP046603.1	65.116	43	14	1	26	68	229283	229158	3.74e-05	52.0	74.42	0/-2
McdA	NZ_LUUI01000171.1	29.412	119	77	3	26	144	5704	6039	3.75e-05	52.0	42.86	0/1
McdA	NZ_CP053627.1	62.791	43	15	1	26	68	1737632	1737507	3.85e-05	52.0	74.42	0/-1
McdA	NZ_KQ759763.1	34.146	123	75	2	26	148	3770459	3770809	3.95e-05	52.0	45.53	0/2
McdA	NZ_CP016268.1	29.839	124	78	3	27	150	190175	190519	3.95e-05	52.0	42.74	0/2
McdA	NZ_VLNU01000001.1	65.116	43	14	1	26	68	1286565	1286690	3.99e-05	52.0	74.42	0/3
McdA	NZ_CP046570.1	32.520	123	76	2	26	148	3621409	3621062	4.06e-05	52.0	43.09	0/-3
McdA	NZ_CP014671.1	60.465	43	16	1	26	68	538638	538763	4.25e-05	52.0	74.42	0/3
McdA	NZ_LOJT01000213.1	32.520	123	76	2	26	148	3961	3614	4.29e-05	51.6	42.28	0/-3
McdA	NZ_BMYD01000005.1	65.116	43	14	1	26	68	225743	225618	4.37e-05	51.6	74.42	0/-3
McdA	NZ_AUHT01000007.1	65.116	43	14	1	26	68	269619	269744	4.74e-05	51.6	74.42	0/3
McdA	NZ_CP048044.1	32.520	123	76	2	26	148	208725	209072	4.79e-05	51.6	42.28	0/3
McdA	NZ_CP048044.1	62.791	43	15	1	26	68	4597977	4598102	9.33e-05	50.8	74.42	0/3
McdA	NZ_MDEJ01000004.1	30.894	123	78	2	26	148	33643	33990	4.80e-05	51.6	42.28	0/1
McdA	NZ_LR824639.1	62.791	43	15	1	26	68	4404372	4404497	4.83e-05	51.6	74.42	0/3
McdA	NZ_MDEH01000018.1	62.791	43	15	1	26	68	32077	31952	4.92e-05	51.6	74.42	0/-3
McdA	NZ_SAWZ01000003.1	62.791	43	15	1	26	68	166076	165951	5.01e-05	51.6	76.74	0/-2
McdA	NZ_FTLW01000002.1	34.146	123	73	2	26	148	252352	252008	5.01e-05	51.6	43.90	0/-2
McdA	NC_004556.1	62.791	43	15	1	26	68	1544486	1544361	5.15e-05	51.6	74.42	0/-2
McdA	NZ_RIBS01000004.1	30.921	152	96	4	26	177	85359	84931	5.20e-05	51.6	42.76	0/-2
McdA	NZ_MIKD01000463.1	62.791	43	15	1	26	68	9092	9217	5.28e-05	51.6	74.42	0/2
McdA	NZ_CP014347.1	62.791	43	15	1	26	68	508210	508335	5.44e-05	51.6	74.42	0/1
McdA	NZ_CP014347.1	32.520	123	76	2	26	148	1150607	1150954	5.86e-05	51.2	42.28	0/2
McdA	NZ_LOJT01000013.1	62.791	43	15	1	26	68	34813	34688	5.45e-05	51.6	74.42	0/-3
McdA	NZ_JZLM01000008.1	62.791	43	15	1	26	68	178510	178385	5.48e-05	51.6	74.42	0/-2
McdA	NZ_JAAQXQ010000002.1	58.696	46	18	1	26	71	595216	595082	5.49e-05	51.6	67.39	0/-3
McdA	NZ_JAASRC010000001.1	32.520	123	76	2	26	148	4180627	4180280	5.49e-05	51.6	42.28	0/-1
McdA	NZ_JABFFS010000001.1	62.791	43	15	1	26	68	579480	579605	5.49e-05	51.6	74.42	0/3
McdA	NZ_JABFFS010000001.1	32.520	123	76	2	26	148	1350818	1351165	5.96e-05	51.2	42.28	0/2
McdA	NZ_FLTX01000044.1	32.520	123	76	2	26	148	32644	32297	5.50e-05	51.6	42.28	0/-1
McdA	NZ_MDCD01000097.1	62.791	43	15	1	26	68	3305	3180	5.76e-05	51.2	74.42	0/-3
McdA	NZ_MDCD01000005.1	32.520	123	76	2	26	148	97460	97113	5.84e-05	51.2	42.28	0/-1
McdA	NZ_ARVU01000001.1	60.465	43	16	1	26	68	2338819	2338694	5.86e-05	51.2	74.42	0/-1
McdA	NZ_JABUKA010000001.1	60.465	43	16	1	26	68	44155	44280	6.30e-05	51.2	74.42	0/1
McdA	NZ_MDEK01000004.1	62.791	43	15	1	26	68	158827	158702	6.41e-05	51.2	76.74	0/-1
McdA	NZ_LT853882.1	31.707	123	77	2	26	148	198828	199175	6.47e-05	51.2	42.28	0/3
McdA	NZ_LT853882.1	62.791	43	15	1	26	68	265927	265802	9.94e-05	50.8	74.42	0/-3
McdA	NZ_JACHHZ010000002.1	27.778	126	78	3	27	150	462180	461836	6.59e-05	51.2	42.06	0/-2
McdA	NZ_CP060711.1	62.791	43	15	1	26	68	1588075	1588200	6.59e-05	51.2	74.42	0/1
McdA	NZ_MIKD01000090.1	32.520	123	76	2	26	148	52161	51814	6.67e-05	51.2	42.28	0/-2
McdA	NZ_JZLM01000003.1	32.520	123	76	2	26	148	167912	167565	6.71e-05	51.2	42.28	0/-1
McdA	NZ_CP058243.1	31.707	123	77	2	26	148	237231	237578	6.84e-05	51.2	42.28	0/3
McdA	NZ_CP058243.1	62.791	43	15	1	26	68	4442948	4443073	8.91e-05	50.8	74.42	0/2
McdA	NZ_JXBK01000001.1	24.540	163	112	4	26	188	92865	93320	6.90e-05	51.2	43.56	0/3
McdA	NZ_AUFF01000010.1	62.791	43	15	1	26	68	55687	55562	6.93e-05	51.2	76.74	0/-3
McdA	NZ_WJPN01000013.1	62.791	43	15	1	26	68	118019	117894	7.27e-05	51.2	76.74	0/-3
McdA	NZ_CAAAIZ010000019.1	60.465	43	16	1	26	68	44197	44072	7.51e-05	51.2	72.09	0/-1
McdA	NZ_QUZK01000041.1	60.870	46	11	2	26	68	49639	49764	7.62e-05	51.2	73.91	0/1
McdA	NZ_KZ987400.1	65.116	43	14	1	26	68	70140	70265	7.63e-05	51.2	74.42	0/3
McdA	NZ_AP021888.1	60.465	43	16	1	26	68	191943	192068	7.84e-05	50.8	74.42	0/3
McdA	NZ_CP016878.1	31.707	123	77	2	26	148	3844137	3844484	7.84e-05	50.8	42.28	0/3
McdA	NZ_CP016878.1	62.791	43	15	1	26	68	3071485	3071610	9.24e-05	50.8	74.42	0/1
McdA	NZ_BMFO01000003.1	62.791	43	15	1	26	68	287746	287621	8.12e-05	50.8	74.42	0/-3
McdA	NZ_UGQE01000004.1	55.814	43	19	0	26	68	526220	526348	8.28e-05	50.8	69.77	0/2
McdA	NZ_MDEJ01000118.1	62.791	43	15	1	26	68	3313	3188	8.29e-05	50.8	74.42	0/-2
McdA	NZ_VKGK01000033.1	24.020	204	147	4	26	228	10659	11249	8.30e-05	50.8	38.24	0/3
McdA	NZ_CP007810.1	31.707	123	77	2	26	148	187439	187786	8.44e-05	50.8	42.28	0/2
McdA	NZ_JPLE01000051.1	62.791	43	15	1	26	68	9506	9631	8.45e-05	50.8	74.42	0/2
McdA	NZ_JABZEO010000032.1	52.174	46	20	1	26	71	9355	9486	8.47e-05	50.8	73.91	0/1
McdA	NZ_JRKJ01000009.1	62.791	43	15	1	26	68	56774	56899	8.49e-05	50.8	74.42	0/2
McdA	NZ_MDEE01000047.1	62.791	43	15	1	26	68	22832	22707	8.56e-05	50.8	74.42	0/-1
McdA	NZ_DUWL01000028.1	62.791	43	15	1	26	68	59402	59277	8.78e-05	50.8	74.42	0/-3
McdA	NZ_JAASRC010000002.1	62.791	43	15	1	26	68	8981	9106	8.82e-05	50.8	74.42	0/2
McdA	NZ_SROY01000001.1	62.791	43	15	1	26	68	142904	143029	8.83e-05	50.8	74.42	0/2
McdA	NZ_CP018725.1	62.791	43	15	1	26	68	2365913	2366038	8.91e-05	50.8	74.42	0/2
McdA	NZ_FCOY01000005.1	62.791	43	15	1	26	68	59012	59137	9.07e-05	50.8	74.42	0/2
McdA	NZ_LYMI01000026.1	62.791	43	15	1	26	68	9100	9225	9.10e-05	50.8	74.42	0/1
McdA	NZ_LNVV01000008.1	32.520	123	76	2	26	148	44713	45060	9.13e-05	50.8	43.09	0/1
McdA	NZ_MIGX01000062.1	32.520	123	76	2	26	148	10144	9797	9.26e-05	50.8	43.09	0/-1
McdA	NZ_CP011158.1	55.814	43	19	0	26	68	1361318	1361190	9.33e-05	50.8	72.09	0/-3
McdA	NZ_PHKX01000005.1	62.791	43	15	1	26	68	405943	405818	9.49e-05	50.8	74.42	0/-2
McdA	NZ_UGOH01000001.1	62.791	43	15	1	26	68	105722	105597	9.76e-05	50.8	72.09	0/-1
McdA	NZ_LN614827.1	60.465	43	16	1	26	68	3997828	3997953	9.76e-05	50.8	72.09	0/1
McdA	NZ_SAWZ01000004.1	60.870	46	17	1	26	71	26555	26421	9.84e-05	50.8	67.39	0/-3
McdA	NZ_CAAAID010000007.1	62.791	43	15	1	26	68	20570	20445	9.91e-05	50.8	72.09	0/-1


