# tblastn
# Iteration: 0
# Query: McdA
# RID: 7VS2EVDM013
# Database: ref_prok_rep_genomes
# Fields: query acc.ver, subject acc.ver, % identity, alignment length, mismatches, gap opens, q. start, q. end, s. start, s. end, evalue, bit score, % positives, query/sbjct frames
# 94 hits found
McdA	NZ_CP017641.1	35.955	178	102	6	27	201	4086701	4087207	6.35e-23	100	53.93	0/2
McdA	NZ_CP017641.1	34.091	176	103	6	26	201	7382514	7383002	8.06e-18	86.3	51.14	0/3
McdA	NZ_CP017641.1	58.140	43	17	1	26	68	8272898	8273023	4.74e-06	51.2	69.77	0/2
McdA	NZ_SJPX01000004.1	33.696	184	109	6	18	201	554587	555099	4.66e-22	98.6	50.00	0/1
McdA	NZ_ANOF01000110.1	34.239	184	108	6	18	201	17681	17169	6.28e-22	98.2	50.00	0/-1
McdA	NZ_NIZW01000019.1	33.696	184	109	6	18	201	101933	101421	1.60e-21	97.1	50.54	0/-3
McdA	NZ_NIDE01000001.1	36.869	198	113	6	26	223	200109	199552	2.98e-21	96.3	52.02	0/-3
McdA	NZ_NIDE01000001.1	29.104	134	92	3	26	159	1275455	1275063	3.06e-06	51.6	43.28	0/-1
McdA	NZ_LECT01000044.1	33.152	184	110	6	18	201	54304	53792	4.12e-21	95.9	50.00	0/-1
McdA	NZ_CP036276.1	33.838	198	119	6	26	223	4635390	4635947	4.80e-20	92.8	51.52	0/3
McdA	NZ_CP036276.1	58.140	43	17	1	26	68	1240952	1240827	4.87e-05	48.1	67.44	0/-1
McdA	NZ_CP053452.2	34.483	203	121	6	26	228	6509160	6508588	1.60e-19	91.3	51.23	0/-2
McdA	NZ_LR593887.1	36.735	196	112	6	26	221	6103736	6103185	1.96e-19	90.9	51.53	0/-3
McdA	NZ_LR593887.1	61.905	42	15	1	27	68	5179447	5179325	5.43e-06	50.8	71.43	0/-1
McdA	NZ_CP036433.1	32.955	176	105	6	26	201	8621769	8622257	2.78e-19	90.5	50.57	0/3
McdA	NZ_CH672377.1	33.143	175	104	6	26	200	207203	206718	1.25e-17	85.5	49.14	0/-1
McdA	NZ_SJPT01000005.1	31.522	184	113	6	18	201	230468	230980	1.27e-17	85.5	48.37	0/2
McdA	NZ_CP036271.1	32.955	176	105	6	26	201	6269259	6268771	1.41e-16	82.4	50.00	0/-2
McdA	NZ_CP036271.1	58.140	43	17	1	26	68	5473205	5473080	1.46e-06	52.8	74.42	0/-3
McdA	NZ_CP036319.1	32.022	178	104	6	26	201	1442353	1442841	2.43e-16	81.6	48.88	0/1
McdA	NZ_CP036319.1	64.286	42	14	1	27	68	1274509	1274387	2.77e-05	48.9	69.05	0/-1
McdA	NZ_CP037423.1	32.386	176	106	6	26	201	3146396	3146884	2.09e-15	79.0	48.86	0/2
McdA	NZ_LECT01000017.1	34.783	92	54	3	110	201	458574	458831	1.81e-08	58.5	56.52	0/3
McdA	NZ_WTPX01000090.1	65.116	43	14	1	26	68	13510	13385	1.21e-07	55.8	79.07	0/-3
McdA	NZ_CP036299.1	66.667	42	13	1	27	68	2536281	2536159	1.25e-07	55.8	78.57	0/-2
McdA	NZ_LYDR01000137.1	66.667	42	13	1	27	68	49882	49760	1.29e-07	55.8	78.57	0/-2
McdA	NC_014148.1	66.667	42	13	1	27	68	1739004	1738882	1.29e-07	55.8	78.57	0/-3
McdA	NZ_CP036348.1	65.116	43	14	1	26	68	4648738	4648613	2.18e-07	55.1	76.74	0/-1
McdA	NZ_CP036292.1	65.116	43	14	1	26	68	4571285	4571160	2.24e-07	55.1	76.74	0/-3
McdA	NZ_CP037920.1	60.465	43	16	1	26	68	1518371	1518246	3.55e-07	54.7	76.74	0/-1
McdA	NZ_CP036316.1	62.791	43	15	1	26	68	3369275	3369150	3.75e-07	54.7	76.74	0/-1
McdA	NZ_CP036265.1	62.791	43	15	1	26	68	2946541	2946666	5.47e-07	53.9	79.07	0/1
McdA	NZ_CP036265.1	50.000	52	25	1	20	71	1208652	1208500	1.62e-05	49.7	59.62	0/-3
McdA	NZ_CP043930.1	60.465	43	16	1	26	68	5632506	5632381	5.83e-07	53.9	76.74	0/-3
McdA	NZ_CP019082.1	29.752	121	78	3	26	146	7492321	7491980	6.10e-07	53.9	42.15	0/-1
McdA	NZ_CP019082.1	58.140	43	17	1	26	68	3219402	3219277	5.85e-06	50.8	74.42	0/-2
McdA	NZ_VTSR01000006.1	60.465	43	16	1	26	68	573753	573878	6.27e-07	53.9	76.74	0/3
McdA	NZ_CP036269.1	60.465	43	16	1	26	68	5958315	5958440	6.39e-07	53.9	76.74	0/3
McdA	NZ_CP037452.1	60.465	43	16	1	26	68	5948966	5949091	6.51e-07	53.9	76.74	0/2
McdA	NZ_CP037421.1	58.140	43	17	1	26	68	5965444	5965569	8.41e-07	53.5	76.74	0/1
McdA	NZ_CP036353.1	58.140	43	17	1	26	68	5893095	5893220	9.31e-07	53.1	76.74	0/3
McdA	NZ_CP036343.1	58.140	43	17	1	26	68	6107135	6107260	9.57e-07	53.1	76.74	0/2
McdA	NZ_SIHI01000066.1	62.791	43	15	1	26	68	10219	10344	1.09e-06	53.1	74.42	0/1
McdA	NZ_CP019646.1	62.791	43	15	1	26	68	3050668	3050543	1.15e-06	53.1	69.77	0/-1
McdA	NZ_ANOF01000140.1	32.609	92	56	3	110	201	13533	13276	1.23e-06	52.8	55.43	0/-1
McdA	NZ_FOQD01000013.1	62.791	43	15	1	26	68	125603	125728	1.33e-06	52.8	74.42	0/2
McdA	NZ_CH672376.1	66.667	42	13	1	27	68	94266	94388	1.55e-06	52.8	73.81	0/3
McdA	NZ_JACEFB010000006.1	66.667	42	13	1	27	68	181033	181155	1.62e-06	52.8	69.05	0/1
McdA	NZ_SJPF01000001.1	66.667	42	13	1	27	68	208940	209062	1.63e-06	52.8	73.81	0/2
McdA	NZ_JH636434.1	61.905	42	15	1	27	68	217372	217494	1.72e-06	52.4	73.81	0/1
McdA	NZ_SJPR01000003.1	66.667	42	13	1	27	68	126768	126646	1.80e-06	52.4	73.81	0/-2
McdA	NZ_JH636445.1	64.286	42	14	1	27	68	456000	455878	1.93e-06	52.4	73.81	0/-1
McdA	NZ_CP036275.1	60.465	43	16	1	26	68	5769719	5769844	2.48e-06	52.0	72.09	0/2
McdA	NZ_CP036267.1	58.140	43	17	1	26	68	5202637	5202762	2.64e-06	52.0	74.42	0/1
McdA	NZ_LR593888.1	29.839	124	84	3	26	149	1649595	1649233	2.92e-06	52.0	41.13	0/-2
McdA	NZ_CP036278.1	64.286	42	14	1	27	68	6515337	6515215	3.03e-06	51.6	73.81	0/-3
McdA	NZ_CP036278.1	60.465	43	16	1	26	68	5508313	5508188	3.68e-05	48.5	72.09	0/-2
McdA	NZ_CP036426.1	61.905	42	15	1	27	68	2950894	2950772	3.29e-06	51.6	73.81	0/-3
McdA	NZ_CP036426.1	55.102	49	21	1	20	68	694429	694286	4.06e-06	51.2	67.35	0/-3
McdA	NZ_SIHJ01000003.1	62.791	43	15	1	26	68	447154	447279	3.57e-06	51.6	69.77	0/1
McdA	NZ_CP036291.1	60.465	43	16	1	26	68	5767413	5767288	3.91e-06	51.6	74.42	0/-3
McdA	NC_005027.1	64.286	42	14	1	27	68	2935209	2935087	4.02e-06	51.2	71.43	0/-3
McdA	NZ_LECT01000047.1	64.286	42	14	1	27	68	13623	13501	4.14e-06	51.2	71.43	0/-2
McdA	NZ_NIZW01000006.1	64.286	42	14	1	27	68	301397	301519	4.28e-06	51.2	71.43	0/2
McdA	NZ_CP036281.1	61.905	42	15	1	27	68	4295883	4296005	4.33e-06	51.2	76.19	0/3
McdA	NZ_CP036298.1	66.667	42	13	1	27	68	891525	891647	4.49e-06	51.2	71.43	0/3
McdA	NZ_ANOF01000058.1	64.286	42	14	1	27	68	26556	26434	4.59e-06	51.2	71.43	0/-1
McdA	NZ_CP018477.1	59.524	42	16	1	27	68	3883667	3883789	5.59e-06	50.8	69.05	0/2
McdA	NZ_CP018477.1	65.116	43	14	1	26	68	2917703	2917828	1.47e-05	49.7	72.09	0/2
McdA	NZ_JAALJI010000009.1	58.140	43	17	1	26	68	71261	71386	5.94e-06	50.8	74.42	0/2
McdA	NZ_SJPG01000001.1	55.814	43	18	1	26	68	4141472	4141597	6.76e-06	50.8	76.74	0/2
McdA	NC_019892.1	60.465	43	16	1	26	68	2147630	2147755	7.08e-06	50.8	74.42	0/2
McdA	NC_019892.1	59.524	42	16	1	27	68	6043108	6042986	4.78e-05	48.1	71.43	0/-2
McdA	NZ_RYZH01000005.1	60.465	43	16	1	26	68	86920	87045	7.60e-06	50.4	74.42	0/1
McdA	NZ_CP036349.1	54.902	51	22	1	18	68	5575387	5575536	8.65e-06	50.4	62.75	0/1
McdA	NZ_JACHEL010000011.1	62.500	40	14	1	26	65	18462	18578	1.04e-05	50.1	77.50	0/3
McdA	NC_013720.1	55.814	43	18	1	26	68	2574874	2574749	1.17e-05	50.1	74.42	0/-2
McdA	NC_013720.1	57.143	42	17	1	27	68	510145	510267	3.68e-05	48.5	69.05	0/1
McdA	NZ_SJPY01000003.1	61.905	42	15	1	27	68	359913	359791	1.49e-05	49.7	69.05	0/-3
McdA	NC_015174.1	53.488	43	19	1	26	68	2848195	2848320	1.70e-05	49.7	81.40	0/1
McdA	NZ_SIHJ01000001.1	60.465	43	16	1	26	68	4046818	4046943	1.76e-05	49.3	72.09	0/1
McdA	NZ_CP036289.1	58.140	43	17	1	26	68	5271151	5271276	1.89e-05	49.3	72.09	0/1
McdA	NZ_SJPO01000001.1	59.524	42	16	1	27	68	299854	299976	2.15e-05	49.3	71.43	0/1
McdA	NZ_QPEV01000004.1	58.140	43	17	1	26	68	634019	633894	2.44e-05	48.9	72.09	0/-1
McdA	NZ_CP042913.1	52.174	46	21	1	26	71	6083020	6083154	2.75e-05	48.9	67.39	0/1
McdA	NZ_SJPI01000003.1	61.905	42	15	1	27	68	846007	845885	2.77e-05	48.9	69.05	0/-2
McdA	NZ_CP042997.1	59.524	42	16	1	27	68	1752771	1752893	2.88e-05	48.9	71.43	0/3
McdA	NZ_SJPW01000007.1	61.905	42	15	1	27	68	211753	211875	3.18e-05	48.5	69.05	0/1
McdA	NZ_AP021861.1	58.140	43	17	1	26	68	1560310	1560435	3.85e-05	48.5	69.77	0/1
McdA	NZ_RYZH01000021.1	59.524	42	16	1	27	68	75919	76041	4.01e-05	48.5	71.43	0/1
McdA	NZ_SJPO01000008.1	60.465	43	16	1	26	68	132371	132246	4.17e-05	48.1	69.77	0/-2
McdA	NZ_SJPP01000001.1	58.140	43	17	1	26	68	1031635	1031760	5.14e-05	48.1	67.44	0/1
McdA	NZ_SJPH01000002.1	58.140	43	17	1	26	68	666371	666246	5.38e-05	48.1	72.09	0/-2
McdA	NC_019893.1	55.556	45	19	1	26	70	7298	7429	7.75e-05	47.4	66.67	0/2


