# tblastn
# Iteration: 0
# Query: MinD
# RID: 7KN6VJN6013
# Database: ref_prok_rep_genomes
# Fields: query acc.ver, subject acc.ver, % identity, alignment length, mismatches, gap opens, q. start, q. end, s. start, s. end, evalue, bit score, % positives, query/sbjct frames
# 695 hits found
MinD	NZ_JACTUZ010000255.1	75.556	270	65	1	1	270	445	1251	9.72e-126	392	88.15	0/1
MinD	NZ_JACIJE010000004.1	76.667	270	62	1	1	270	237769	238575	2.08e-124	397	89.26	0/1
MinD	NZ_JACIDJ010000011.1	77.860	271	58	2	1	270	50089	50898	2.12e-123	394	88.93	0/1
MinD	NZ_BJYZ01000006.1	77.985	268	58	1	1	268	367731	368531	3.30e-123	394	87.69	0/3
MinD	NZ_JAAVUP010000002.1	75.556	270	65	1	1	270	945331	946137	8.35e-123	392	88.52	0/1
MinD	NZ_PDNU01000003.1	76.667	270	62	1	1	270	194347	195153	1.03e-122	392	88.15	0/1
MinD	NZ_BMKW01000003.1	75.926	270	64	1	1	270	309477	310283	1.33e-122	392	88.15	0/3
MinD	NZ_GG770777.1	76.296	270	63	1	1	270	939423	938617	1.38e-122	392	88.15	0/-3
MinD	NZ_PDOA01000001.1	76.667	270	62	1	1	270	190157	190963	2.30e-122	391	88.15	0/2
MinD	NZ_AVFL01000004.1	77.239	268	60	1	1	268	275537	276337	3.70e-122	390	87.31	0/2
MinD	NZ_MLCO01000527.1	76.296	270	63	1	1	270	1719	2525	3.86e-122	386	87.04	0/3
MinD	NZ_CP030265.1	77.612	268	59	1	1	268	720769	721569	1.29e-121	389	87.31	0/1
MinD	NZ_JACTVA010000069.1	75.556	270	65	1	1	270	465	1271	1.31e-121	389	87.78	0/3
MinD	NZ_WHOR01000426.1	76.230	244	57	1	21	264	2526	1798	1.57e-121	375	85.66	0/-2
MinD	NZ_UGVO01000001.1	76.667	270	62	1	1	270	2378246	2377440	2.74e-121	388	86.67	0/-1
MinD	NZ_JACIJD010000005.1	75.185	270	66	1	1	270	74208	75014	7.39e-121	387	87.04	0/3
MinD	NZ_QXGS01000005.1	75.926	270	64	1	1	270	26598	25792	8.97e-121	387	87.04	0/-2
MinD	NZ_UGVN01000001.1	76.296	270	63	1	1	270	3017263	3018069	9.08e-121	387	87.04	0/1
MinD	NZ_FQZF01000005.1	76.866	268	61	1	1	268	97713	96913	2.08e-120	385	87.31	0/-3
MinD	NZ_JAAABL010000002.1	76.015	271	63	2	1	270	472625	473434	2.84e-120	385	86.72	0/2
MinD	NZ_QKYU01000018.1	74.074	270	69	1	1	270	48248	47442	5.89e-120	384	85.93	0/-2
MinD	NZ_JONP01000004.1	75.556	270	65	1	1	270	241081	240275	1.66e-119	383	86.67	0/-2
MinD	NZ_VUKA01000006.1	74.815	270	67	1	1	270	109363	108557	1.98e-119	383	87.78	0/-3
MinD	NZ_AUDH01000010.1	76.580	269	61	2	1	268	27164	27967	1.99e-119	383	87.73	0/2
MinD	NZ_BMKH01000020.1	76.384	271	62	2	1	270	33545	34354	9.34e-119	381	86.35	0/2
MinD	NZ_JAATJR010000007.1	75.556	270	65	1	1	270	448838	448032	1.33e-118	380	86.30	0/-2
MinD	NZ_CP022110.1	75.000	268	66	1	1	268	819456	818656	1.36e-118	380	87.31	0/-1
MinD	NZ_PDKW01000043.1	75.746	268	64	1	1	268	1950151	1949351	2.26e-118	380	86.19	0/-3
MinD	NZ_JQKB01000003.1	75.277	271	65	2	1	270	144029	143220	2.87e-118	379	86.72	0/-2
MinD	NZ_QLIX01000002.1	76.384	271	62	2	1	270	516518	515709	3.49e-118	379	86.72	0/-2
MinD	NZ_WHOS01000039.1	75.746	268	64	1	1	268	8750	7950	3.89e-118	379	86.19	0/-2
MinD	NZ_JACIIZ010000014.1	74.627	268	67	1	1	268	118491	119291	4.48e-118	379	87.31	0/3
MinD	NZ_RCZP01000001.1	74.815	270	67	1	1	270	408932	408126	4.71e-118	379	86.30	0/-2
MinD	NZ_WMIG01000052.1	69.355	248	75	1	21	268	910	170	5.57e-118	357	83.87	0/-2
MinD	NZ_NOXU01000030.1	74.627	268	67	1	1	268	159158	158358	5.89e-118	379	86.57	0/-2
MinD	NZ_CP054619.1	75.746	268	64	1	1	268	2312473	2311673	6.81e-118	378	86.19	0/-1
MinD	NZ_CP015285.1	75.746	268	64	1	1	268	615268	616068	7.72e-118	378	86.19	0/1
MinD	NZ_FMZX01000001.1	74.908	271	66	2	1	270	813776	814585	9.74e-118	378	86.72	0/2
MinD	NZ_SJDM01000006.1	74.539	271	67	2	1	270	16962	16153	1.04e-117	378	86.72	0/-1
MinD	NZ_VTTN01000002.1	75.373	268	65	1	1	268	177937	178737	1.04e-117	378	86.19	0/1
MinD	NZ_SMSJ01000002.1	75.277	271	65	2	1	270	91260	90451	1.72e-117	377	86.72	0/-1
MinD	NZ_FOSQ01000009.1	75.185	270	66	1	1	270	161594	160788	1.79e-117	377	85.93	0/-3
MinD	NZ_CP012401.1	76.515	264	61	1	1	264	138630	137842	1.81e-117	377	87.12	0/-3
MinD	NZ_CP025611.1	74.627	268	67	1	1	268	482210	481410	2.05e-117	377	86.57	0/-2
MinD	NZ_QGNJ01000016.1	74.254	268	68	1	1	268	34247	35047	4.51e-117	376	86.57	0/2
MinD	NZ_VITE01000014.1	76.230	244	57	1	21	264	88958	89686	6.04e-117	375	86.07	0/2
MinD	NZ_RZIJ01000002.1	76.136	264	62	1	1	264	85597	84809	8.98e-117	375	86.74	0/-1
MinD	NZ_BMKS01000002.1	73.333	270	71	1	1	270	431998	432804	1.09e-116	375	86.30	0/1
MinD	NZ_SMOA01000061.1	74.539	271	67	2	1	270	29968	29159	1.39e-116	374	87.08	0/-3
MinD	NZ_CP029829.1	75.000	268	66	1	1	268	529212	530012	1.86e-116	374	86.19	0/3
MinD	NZ_CP053923.1	72.761	268	72	1	1	268	490130	490930	1.91e-116	374	87.31	0/2
MinD	NZ_VISK01000010.1	75.820	244	58	1	21	264	1140305	1141033	9.79e-116	372	85.25	0/2
MinD	NZ_JABFFR010000027.1	73.387	248	65	1	21	268	67665	68405	1.01e-115	372	85.08	0/3
MinD	NZ_CP030126.1	73.507	268	70	1	1	268	2157082	2157882	1.43e-115	372	85.45	0/1
MinD	NZ_AUCF01000001.1	72.984	248	66	1	21	268	336252	335512	4.29e-115	370	85.08	0/-2
MinD	NZ_KE386572.1	73.387	248	65	1	21	268	3073124	3072384	5.01e-115	370	84.68	0/-2
MinD	NZ_BMJQ01000028.1	71.888	249	69	1	21	269	44109	44852	6.52e-115	370	85.14	0/3
MinD	NZ_JACIGH010000008.1	72.015	268	74	1	1	268	121735	120935	2.09e-114	368	85.82	0/-1
MinD	NZ_KE386933.1	72.388	268	73	1	1	268	718897	718097	2.20e-114	368	86.19	0/-3
MinD	NZ_CP029353.1	73.134	268	71	1	1	268	1130248	1131048	3.00e-114	368	86.19	0/1
MinD	NZ_AP019700.1	72.325	271	73	2	1	270	204921	204112	1.66e-113	366	85.24	0/-3
MinD	NZ_KK088558.1	71.486	249	69	2	21	268	27998	28741	1.25e-112	363	85.14	0/2
MinD	NZ_FNCE01000002.1	70.968	248	71	1	21	268	365856	366596	8.22e-112	361	84.27	0/3
MinD	NZ_VDFU01000041.1	71.200	250	70	2	21	269	19341	18595	1.84e-111	360	84.80	0/-1
MinD	NZ_KI911559.1	71.667	240	67	1	29	268	2654742	2655458	4.34e-111	359	84.58	0/3
MinD	NZ_FYEH01000007.1	71.486	249	70	1	21	269	188652	189395	7.08e-111	358	83.94	0/3
MinD	NZ_SMZO01000030.1	70.161	248	73	1	21	268	41704	42444	7.14e-111	358	83.06	0/1
MinD	NZ_QBKZ01000026.1	72.862	269	71	2	1	269	19123	18323	8.00e-111	358	85.87	0/-2
MinD	NZ_OBEA01000008.1	70.400	250	72	2	21	269	160714	161460	1.17e-110	357	84.40	0/1
MinD	NZ_QKZL01000013.1	70.000	250	73	2	21	269	4999	4253	1.95e-110	357	83.60	0/-3
MinD	NZ_MPZV01000002.1	68.273	249	78	1	21	269	18587	17844	2.05e-110	357	85.14	0/-1
MinD	NZ_CP019437.1	68.675	249	77	1	21	269	3080792	3080049	2.52e-110	357	85.14	0/-3
MinD	NZ_AUBS01000013.1	69.200	250	75	2	21	269	64562	63816	2.90e-110	356	85.20	0/-1
MinD	NZ_FOQH01000003.1	69.478	249	75	1	21	269	236030	235287	3.63e-110	356	83.94	0/-2
MinD	NZ_DS022276.1	70.370	270	78	2	1	269	2585986	2586792	4.24e-110	356	85.56	0/1
MinD	NZ_PGTC01000030.1	69.600	250	74	2	21	269	11684	10938	1.19e-109	355	84.80	0/-2
MinD	NZ_QZEV01000199.1	68.519	270	83	2	1	269	445	1251	1.22e-109	343	82.22	0/1
MinD	NZ_FNCL01000016.1	69.600	250	74	2	21	269	39259	40005	4.91e-109	353	84.40	0/1
MinD	NZ_AWWI01000079.1	68.400	250	77	2	21	269	34506	35252	6.93e-109	352	83.60	0/3
MinD	NZ_FNOB01000002.1	68.800	250	76	2	21	269	262936	263682	8.89e-109	352	83.60	0/1
MinD	NZ_FOGU01000001.1	69.200	250	75	2	21	269	184278	185024	1.03e-108	352	84.00	0/3
MinD	NZ_QPMH01000012.1	70.833	240	69	1	29	268	10295	9579	1.74e-108	351	84.17	0/-2
MinD	NZ_JACHFM010000001.1	68.657	268	82	2	1	268	1530847	1530050	2.12e-108	351	85.07	0/-2
MinD	NZ_FNAV01000001.1	67.200	250	80	2	21	269	175980	175234	2.70e-108	351	85.20	0/-1
MinD	NZ_JHZF01000017.1	70.000	270	79	2	1	269	116047	116853	4.41e-108	350	84.44	0/1
MinD	NZ_CP031598.1	68.889	270	82	2	1	269	4372440	4371634	7.32e-108	349	83.70	0/-2
MinD	NZ_FWXB01000017.1	68.519	270	83	2	1	269	11190	10384	7.87e-108	349	83.70	0/-3
MinD	NZ_FZNN01000022.1	68.400	250	77	2	21	269	53197	52451	2.04e-107	348	83.20	0/-3
MinD	NZ_JACIJU010000001.1	68.519	270	83	2	1	269	1222466	1221660	2.08e-107	348	83.70	0/-2
MinD	NZ_FOPF01000004.1	68.519	270	83	2	1	269	1506	2312	3.40e-107	348	83.33	0/3
MinD	NZ_PYWA01000006.1	68.148	270	84	2	1	269	97216	98022	4.28e-107	347	83.33	0/1
MinD	NZ_FOXA01000003.1	69.200	250	74	3	21	268	81201	80455	4.81e-107	347	84.00	0/-3
MinD	NZ_PHSN01000006.1	67.200	250	80	2	21	269	4537	5283	4.81e-107	347	84.00	0/1
MinD	NZ_FNEJ01000004.1	70.124	241	71	1	29	269	279957	279238	1.04e-106	346	84.23	0/-2
MinD	NZ_VOJI01000006.1	68.000	250	78	2	21	269	149498	148752	1.20e-106	346	82.80	0/-1
MinD	NZ_SMYN01000005.1	68.148	270	84	2	1	269	118830	118024	1.79e-106	345	83.70	0/-2
MinD	NZ_ATUJ01000002.1	68.519	270	83	2	1	269	2102	1296	1.90e-106	345	84.07	0/-2
MinD	NZ_WMIF01000015.1	66.932	251	80	3	21	269	31593	32342	1.91e-106	345	83.67	0/3
MinD	NZ_QEHM01000003.1	67.200	250	80	2	21	269	911413	912159	2.88e-106	345	83.60	0/1
MinD	NZ_CYPR01000184.1	68.000	250	78	2	21	269	5540	6286	3.10e-106	345	82.40	0/2
MinD	NZ_NIPX01000018.1	67.778	270	85	2	1	269	10126	10932	3.35e-106	345	84.07	0/1
MinD	NZ_QJPK01000045.1	67.407	270	86	2	1	269	4405	3599	3.37e-106	345	83.33	0/-2
MinD	NZ_PPFE01000003.1	67.600	250	79	2	21	269	12943	12197	3.59e-106	345	82.40	0/-3
MinD	NZ_FNPF01000045.1	66.800	250	81	2	21	269	3297	2551	4.23e-106	341	83.20	0/-1
MinD	NZ_ML137219.1	67.778	270	85	2	1	269	204985	204179	5.38e-106	344	83.70	0/-2
MinD	NZ_ML137219.1	67.778	270	85	2	1	269	202661	201855	5.38e-106	344	83.70	0/-1
MinD	NZ_FOMS01000007.1	67.600	250	79	2	21	269	239638	240384	5.71e-106	344	83.20	0/1
MinD	NZ_AQRC01000014.1	67.068	249	81	1	21	269	57352	58095	8.88e-106	343	85.54	0/1
MinD	NZ_KE557275.1	67.200	250	80	2	21	269	358849	359595	1.39e-105	343	83.60	0/1
MinD	NZ_FTPS01000001.1	70.400	250	72	2	21	269	1373492	1374238	1.40e-105	343	83.60	0/2
MinD	NZ_FTMK01000010.1	67.331	251	79	3	21	269	25829	25080	1.81e-105	343	82.47	0/-1
MinD	NZ_BNCL01000016.1	67.407	270	86	2	1	269	49258	50064	1.92e-105	342	84.44	0/1
MinD	NZ_RRYH01000048.1	67.037	270	87	2	1	269	10676	11482	2.76e-105	342	82.59	0/2
MinD	NZ_CP035511.1	67.778	270	85	2	1	269	236735	237541	3.38e-105	342	84.07	0/2
MinD	NZ_SDEB01000003.1	67.470	249	79	2	21	268	219597	220340	3.51e-105	342	83.13	0/3
MinD	NZ_WMIE01000001.1	67.470	249	79	2	21	268	1132838	1132095	4.52e-105	342	82.33	0/-1
MinD	NZ_WMIE01000001.1	67.470	249	79	2	21	268	685297	684554	4.52e-105	342	82.33	0/-2
MinD	NZ_FXTK01000002.1	66.534	251	81	3	21	269	289796	290545	4.69e-105	342	83.27	0/2
MinD	NZ_BMEW01000007.1	67.200	250	80	2	21	269	13691	14437	4.83e-105	341	82.80	0/2
MinD	NZ_FNPF01000035.1	66.667	270	88	2	1	269	553	1359	5.95e-105	341	84.07	0/1
MinD	NZ_BMJV01000001.1	66.914	269	87	2	1	268	696877	697680	6.04e-105	341	84.76	0/1
MinD	NZ_CP045201.1	68.465	241	75	1	29	269	3619214	3619933	2.55e-104	339	83.82	0/2
MinD	NZ_BMIV01000021.1	68.030	269	84	2	1	268	26975	27778	3.29e-104	339	84.01	0/2
MinD	NZ_CP040764.1	67.778	270	85	2	1	269	203019	202213	4.81e-104	338	82.22	0/-1
MinD	NZ_SUNI01000024.1	67.778	270	85	2	1	269	48426	49232	5.30e-104	338	82.22	0/3
MinD	NC_023135.1	66.000	250	83	2	21	269	2120592	2121338	6.26e-104	338	81.60	0/3
MinD	NZ_RBLI01000003.1	66.135	251	82	3	21	269	356499	355750	8.44e-104	338	82.47	0/-3
MinD	NZ_AQQR01000003.1	66.000	250	83	2	21	269	493597	494343	9.57e-104	338	82.00	0/1
MinD	NZ_CP024423.1	67.600	250	79	2	21	269	42545	43291	3.11e-103	336	83.60	0/2
MinD	NZ_CP035092.1	66.534	251	81	3	21	269	608236	607487	3.74e-103	336	82.47	0/-3
MinD	NZ_FNWO01000011.1	67.910	268	84	2	1	268	102357	101560	4.19e-103	336	84.70	0/-3
MinD	NZ_CP045074.1	66.135	251	82	3	21	269	355874	356623	4.32e-103	336	82.47	0/2
MinD	NZ_FOHO01000010.1	65.200	250	85	2	21	269	46882	46136	7.61e-103	335	82.00	0/-3
MinD	NZ_JACIEI010000019.1	68.182	242	76	1	29	270	7019	7741	8.43e-103	335	81.82	0/2
MinD	NZ_FOAI01000003.1	66.296	270	89	2	1	269	5060	5866	8.91e-103	335	83.33	0/2
MinD	NZ_JALZ01000050.1	66.667	249	81	2	21	269	1070	330	9.86e-103	335	82.73	0/-1
MinD	NZ_SUNH01000037.1	67.355	242	77	2	29	269	6973	6251	1.32e-102	334	81.82	0/-3
MinD	NZ_CP010859.1	68.000	250	78	2	21	269	124339	123593	1.77e-102	334	82.40	0/-2
MinD	NZ_LN832560.1	65.737	251	83	3	21	269	94131	93382	3.72e-102	333	81.67	0/-1
MinD	NZ_PIUM01000023.1	67.286	269	86	2	1	269	80453	81253	1.18e-101	332	82.53	0/2
MinD	NZ_KI421504.1	64.000	250	88	2	21	269	2602080	2601334	2.89e-101	330	82.00	0/-1
MinD	NZ_VDDC01000008.1	65.289	242	82	2	29	269	69455	70177	7.02e-101	329	82.23	0/2
MinD	NZ_KI421513.1	65.428	269	91	2	1	268	2907931	2907128	2.04e-100	328	83.64	0/-1
MinD	NZ_FOVB01000001.1	68.182	242	75	2	29	269	834572	835294	2.80e-100	328	83.47	0/2
MinD	NZ_JAME01000010.1	67.083	240	77	2	30	269	77240	76527	3.35e-100	327	81.25	0/-3
MinD	NZ_KI421500.1	65.428	269	91	2	1	268	650285	649482	8.11e-100	327	82.90	0/-1
MinD	NZ_CP041159.1	65.428	269	91	2	1	268	1092665	1091862	8.35e-100	326	82.90	0/-1
MinD	NZ_CAHP01000020.1	67.782	239	75	2	30	268	122194	122904	1.06e-99	326	84.10	0/1
MinD	NZ_JACIJG010000006.1	68.148	270	82	4	1	269	82582	81782	1.18e-99	326	81.11	0/-1
MinD	NZ_UGSH01000002.1	68.148	270	82	4	1	269	1262594	1263394	1.95e-99	325	81.11	0/2
MinD	NZ_CP054599.1	66.116	242	81	1	29	270	3134078	3134800	7.77e-99	323	81.40	0/2
MinD	NZ_WBVY01000002.1	67.407	270	84	4	1	269	785052	785852	8.81e-99	323	81.11	0/3
MinD	NZ_VEWK01000005.1	67.407	270	84	4	1	269	233986	234786	9.23e-99	323	81.11	0/1
MinD	NZ_WBWE01000004.1	67.407	270	84	4	1	269	199963	200763	9.24e-99	323	81.11	0/1
MinD	NZ_MOEC01000002.1	67.407	270	84	4	1	269	324708	325508	9.24e-99	323	81.11	0/3
MinD	NZ_NNRN01000053.1	67.407	270	84	4	1	269	259016	259816	9.24e-99	323	81.11	0/2
MinD	NZ_CP064062.1	67.407	270	84	4	1	269	1586710	1585910	9.25e-99	323	81.11	0/-1
MinD	NZ_PTRC01000016.1	67.407	270	84	4	1	269	123589	122789	1.98e-98	322	81.11	0/-3
MinD	NZ_VCPE01000001.1	67.037	270	85	4	1	269	319123	319923	6.38e-98	321	80.74	0/1
MinD	NZ_OOFM01000004.1	67.037	270	85	4	1	269	1058985	1058185	6.39e-98	321	80.74	0/-3
MinD	NC_004311.2	66.667	270	86	4	1	269	303570	304370	9.04e-98	320	78.89	0/3
MinD	NC_013118.1	66.667	270	86	4	1	269	304854	305654	9.04e-98	320	78.89	0/3
MinD	NZ_SOZD01000004.1	65.556	270	89	4	1	269	323280	322480	9.49e-98	320	81.48	0/-2
MinD	NZ_LT605586.1	66.667	270	86	4	1	269	201381	202181	1.04e-97	320	78.89	0/3
MinD	NC_003318.1	66.296	270	87	4	1	269	967068	966268	4.81e-97	318	78.89	0/-3
MinD	NC_007624.1	66.296	270	87	4	1	269	868054	867254	5.05e-97	318	78.89	0/-1
MinD	NC_010104.1	66.296	270	87	4	1	269	303684	304484	7.72e-97	318	78.52	0/3
MinD	NZ_UIGH01000002.1	66.296	270	87	4	1	269	970385	971185	1.22e-96	317	78.52	0/2
MinD	NC_022906.1	65.926	270	88	4	1	269	949514	948714	1.31e-96	317	78.52	0/-2
MinD	NZ_NWUC01000004.1	65.556	270	89	4	1	269	338575	337775	6.27e-96	315	79.26	0/-1
MinD	NZ_LNQB01000067.1	65.185	270	90	4	1	269	85883	85083	1.33e-95	314	79.63	0/-1
MinD	NZ_JACIEM010000004.1	65.185	270	90	4	1	269	306556	307356	1.44e-95	314	79.26	0/1
MinD	NZ_PZZZ01000009.1	66.296	270	87	4	1	269	55015	54215	2.16e-95	314	78.89	0/-3
MinD	NZ_DS022272.1	64.684	269	91	4	1	268	2924152	2924949	2.48e-95	313	79.93	0/1
MinD	NZ_WITC01000028.1	65.556	270	89	4	1	269	48520	49320	6.85e-95	312	78.52	0/1
MinD	NZ_AGFR01000003.1	65.185	270	90	4	1	269	217318	216518	8.36e-95	312	78.89	0/-2
MinD	NC_020560.1	63.704	270	94	4	1	269	1447189	1446389	8.69e-95	312	80.37	0/-3
MinD	NZ_LUAV01000038.1	64.815	270	91	4	1	269	166779	165979	8.77e-95	312	78.89	0/-2
MinD	NZ_BMMF01000006.1	64.444	270	92	4	1	269	235903	236703	9.38e-95	312	79.63	0/1
MinD	NZ_JABEKV010000003.1	65.556	270	89	4	1	269	1037200	1038000	1.16e-94	311	78.52	0/1
MinD	NZ_LPUX01000055.1	64.815	270	91	4	1	269	101564	102364	2.07e-94	311	79.63	0/2
MinD	NZ_KB375282.1	61.852	270	99	4	1	269	1524265	1525065	2.26e-94	311	80.37	0/1
MinD	NZ_CP041241.1	64.815	270	92	3	1	269	698210	699013	2.40e-94	311	78.15	0/2
MinD	NZ_BBWP01000022.1	64.815	270	91	4	1	269	140051	139251	2.51e-94	311	78.89	0/-2
MinD	NZ_ATXK01000001.1	64.815	270	91	4	1	269	298906	298106	2.52e-94	311	78.89	0/-3
MinD	NZ_CP013110.1	65.185	270	90	4	1	269	1445920	1445120	2.57e-94	311	79.26	0/-3
MinD	NZ_QLKY01000005.1	66.171	269	87	4	1	268	277402	278199	2.59e-94	311	79.55	0/1
MinD	NZ_JAAKZF010000001.1	65.926	270	88	4	1	269	460200	461000	2.91e-94	310	78.52	0/3
MinD	NZ_CP034910.1	65.185	270	90	4	1	269	18910	18110	3.27e-94	310	78.52	0/-2
MinD	NZ_PXYK01000007.1	65.926	270	88	4	1	269	9139	8339	4.31e-94	310	78.15	0/-3
MinD	NZ_QURL01000004.1	64.444	270	92	4	1	269	32984	32184	4.53e-94	310	79.26	0/-1
MinD	NZ_MKIN01000022.1	64.659	249	84	4	21	268	841102	840365	5.72e-94	310	77.11	0/-2
MinD	NZ_CP015064.1	63.333	270	95	4	1	269	4094511	4093711	5.83e-94	310	80.00	0/-3
MinD	NZ_LNCD01000034.1	64.444	270	92	4	1	269	38696	37896	5.98e-94	310	78.89	0/-2
MinD	NZ_ATYB01000008.1	63.704	270	94	4	1	269	1435772	1436572	8.02e-94	309	79.63	0/2
MinD	NZ_CP029452.1	64.444	270	92	4	1	269	1612197	1611397	8.66e-94	309	78.89	0/-1
MinD	NZ_CP023068.1	64.815	270	91	4	1	269	363991	364791	9.09e-94	309	78.52	0/1
MinD	NZ_SSOA01000001.1	64.312	269	92	4	1	268	109842	110639	1.01e-93	309	79.55	0/3
MinD	NZ_SNYE01000011.1	65.799	269	88	4	1	268	61476	62273	1.05e-93	309	79.18	0/3
MinD	NZ_HF536773.1	64.444	270	92	4	1	269	412614	411814	1.18e-93	309	78.89	0/-3
MinD	NZ_JAAAMJ010000010.1	64.444	270	92	4	1	269	10284	11084	1.32e-93	308	78.89	0/3
MinD	NZ_CP016428.1	62.593	270	97	4	1	269	7553517	7552717	1.61e-93	308	80.00	0/-3
MinD	NZ_KZ857264.1	65.185	270	90	4	1	269	33383	32583	2.00e-93	308	78.52	0/-2
MinD	NZ_FRXO01000014.1	63.598	239	83	4	32	269	30675	29968	2.44e-93	308	80.75	0/-2
MinD	NZ_FNXB01000012.1	64.444	270	92	4	1	269	91304	90504	2.55e-93	308	78.52	0/-1
MinD	NZ_MLCO01000391.1	59.438	249	91	3	30	269	5591	6334	2.56e-93	308	77.91	0/2
MinD	NZ_SSNY01000010.1	66.529	242	77	4	29	269	141854	142570	3.98e-93	307	77.69	0/2
MinD	NZ_VITA01000001.1	63.704	270	94	4	1	269	228328	227528	4.88e-93	307	79.26	0/-2
MinD	NZ_SMTL01000006.1	65.556	270	89	4	1	269	4836	4036	5.01e-93	307	78.15	0/-2
MinD	NZ_NAFI01000160.1	64.557	237	80	4	29	264	56675	57376	5.05e-93	307	80.17	0/2
MinD	NZ_AHAM01000042.1	64.815	270	91	4	1	269	25481	24681	7.36e-93	306	78.52	0/-3
MinD	NZ_CP013534.1	64.444	270	92	4	1	269	349011	348211	8.22e-93	306	78.15	0/-1
MinD	NZ_JACIIE010000005.1	64.444	270	92	4	1	269	162201	163001	8.22e-93	306	78.15	0/3
MinD	NZ_NPKI01000002.1	62.000	250	91	4	21	269	103031	102291	8.87e-93	306	78.00	0/-2
MinD	NZ_QFBC01000001.1	64.815	270	91	4	1	269	698076	698876	9.78e-93	306	78.89	0/3
MinD	NZ_AUBC01000013.1	64.074	270	93	4	1	269	143947	144747	1.09e-92	306	78.89	0/1
MinD	NZ_LMVL02000004.1	65.428	269	89	4	1	268	123810	123013	1.10e-92	306	78.44	0/-2
MinD	NZ_PVBF01000004.1	64.074	270	93	4	1	269	602061	601261	1.21e-92	306	77.78	0/-2
MinD	NZ_PNOT02000257.1	62.963	270	96	4	1	269	14467	13667	1.45e-92	305	79.26	0/-1
MinD	NZ_LYPM01000011.1	64.074	270	93	4	1	269	173679	174479	1.54e-92	305	78.15	0/3
MinD	NZ_FMAJ01000006.1	64.074	270	93	4	1	269	389907	389107	1.54e-92	305	78.15	0/-2
MinD	NZ_JACHBU010000003.1	64.815	270	91	4	1	269	417518	416718	1.54e-92	305	78.89	0/-3
MinD	NZ_SJST01000002.1	64.444	270	92	4	1	269	689881	690681	1.76e-92	305	77.04	0/1
MinD	NZ_NXDN01000052.1	64.074	270	93	4	1	269	1125	1925	1.99e-92	305	78.15	0/3
MinD	NZ_HG916855.1	64.074	270	93	4	1	269	1411682	1412482	2.02e-92	305	78.52	0/2
MinD	NZ_VKHP01000178.1	66.932	251	80	3	1	250	10610	11356	2.18e-92	305	82.87	0/2
MinD	NC_015675.1	62.963	270	96	4	1	269	3347610	3348410	2.20e-92	305	79.26	0/3
MinD	NZ_FWFK01000002.1	64.730	241	83	2	29	269	392760	392044	2.31e-92	305	81.74	0/-2
MinD	NZ_CP054029.1	64.074	270	93	4	1	269	226506	225706	2.36e-92	305	78.15	0/-2
MinD	NZ_QDGA01000001.1	65.966	238	77	4	33	269	505132	504428	2.42e-92	305	79.41	0/-3
MinD	NZ_CP033361.1	62.593	270	97	4	1	269	2897458	2898258	2.43e-92	305	79.26	0/1
MinD	NZ_JNNU01000009.1	63.704	270	94	4	1	269	231843	231043	2.54e-92	305	78.15	0/-1
MinD	NZ_CP013503.1	64.074	270	93	4	1	269	454156	453356	2.64e-92	305	77.78	0/-2
MinD	NZ_CP050066.1	64.557	237	80	4	29	264	6217026	6216325	2.75e-92	305	79.32	0/-1
MinD	NZ_LFIO01001255.1	64.074	270	93	4	1	269	12134	12934	3.16e-92	305	78.15	0/2
MinD	NZ_JADBEC010000002.1	63.704	270	94	4	1	269	100505	101305	4.21e-92	304	78.89	0/2
MinD	NZ_JH660645.1	65.546	238	78	4	33	269	735443	736147	4.37e-92	304	79.41	0/2
MinD	NZ_JH660645.1	60.000	270	100	5	1	268	1642947	1643738	1.12e-86	289	78.15	0/3
MinD	NZ_AQYH01000008.1	61.200	250	93	4	21	269	255727	254987	4.46e-92	304	77.20	0/-1
MinD	NZ_VLKT01000019.1	62.593	270	97	4	1	269	44987	44187	4.53e-92	304	79.26	0/-1
MinD	NZ_CP050296.1	61.600	250	92	4	21	269	697984	697244	4.73e-92	304	78.00	0/-1
MinD	NZ_FWXR01000011.1	63.333	270	95	4	1	269	106648	107448	4.89e-92	304	77.78	0/1
MinD	NZ_LT670849.1	62.810	242	86	4	29	269	6695578	6696294	5.16e-92	304	80.17	0/1
MinD	NZ_OBQD01000002.1	64.463	242	82	4	29	269	450188	450904	5.78e-92	304	78.51	0/2
MinD	NZ_PEQT01000004.1	62.800	250	89	4	21	269	114546	113806	6.07e-92	304	76.00	0/-1
MinD	NZ_SODG01000012.1	64.074	270	93	4	1	269	228551	229351	6.12e-92	304	77.78	0/2
MinD	NZ_JHXQ01000020.1	64.074	270	93	4	1	269	66809	66009	6.58e-92	304	78.15	0/-3
MinD	NC_002678.2	62.593	270	97	4	1	269	1606131	1605331	6.96e-92	303	79.26	0/-1
MinD	NZ_KE383991.1	60.800	250	95	3	21	269	980700	979957	7.44e-92	303	76.00	0/-3
MinD	NC_016027.1	63.469	271	95	4	1	270	2737590	2736787	7.44e-92	303	77.86	0/-1
MinD	NZ_CP035001.1	64.074	270	93	4	1	269	20164	20964	8.51e-92	303	78.15	0/1
MinD	NC_017082.1	64.135	237	81	4	29	264	4142416	4141715	9.03e-92	303	79.32	0/-2
MinD	NZ_FZQR01000005.1	62.593	270	97	4	1	269	407033	407833	9.19e-92	303	79.26	0/2
MinD	NZ_LFLZ01000005.1	63.774	265	92	4	1	264	17570	18355	9.36e-92	303	80.38	0/2
MinD	NZ_JUHR01000001.1	63.704	270	94	4	1	269	549294	550094	9.38e-92	303	78.52	0/3
MinD	NZ_CP044543.1	64.135	237	81	4	29	264	128672	127971	1.02e-91	303	79.32	0/-2
MinD	NZ_GG770784.1	58.167	251	92	3	30	268	564	1313	1.06e-91	303	77.29	0/3
MinD	NZ_QQBB01000001.1	64.074	270	93	4	1	269	824720	825520	1.06e-91	303	78.15	0/2
MinD	NZ_FQUP01000001.1	61.200	250	94	3	21	269	1525766	1526509	1.08e-91	303	76.40	0/2
MinD	NZ_VFYP01000001.1	65.056	269	90	4	1	268	949170	949967	1.11e-91	303	78.07	0/3
MinD	NZ_JACIDW010000001.1	63.704	270	94	4	1	269	218981	218181	1.32e-91	303	78.15	0/-2
MinD	NZ_CP033507.1	62.222	270	98	4	1	269	3445064	3445864	1.32e-91	303	79.26	0/2
MinD	NZ_CP049249.1	63.941	269	93	4	1	268	1173809	1174606	1.64e-91	303	79.18	0/2
MinD	NZ_CP016616.1	65.272	239	79	4	32	269	2362959	2362252	1.66e-91	303	79.50	0/-2
MinD	NZ_CP016616.1	59.779	271	101	5	1	269	1387531	1386737	1.09e-86	289	77.49	0/-1
MinD	NC_019973.1	60.800	250	94	4	21	269	3177807	3178547	1.68e-91	303	78.80	0/3
MinD	NZ_CP049244.1	63.704	270	94	4	1	269	591218	592018	1.69e-91	303	78.15	0/2
MinD	NZ_NPKJ01000032.1	62.222	270	98	4	1	269	5340	4540	1.70e-91	303	79.26	0/-3
MinD	NZ_LFIP02000005.1	63.774	265	92	4	1	264	74371	75156	1.95e-91	302	80.00	0/1
MinD	NZ_MKFI01000006.1	63.396	265	93	4	1	264	440065	439280	2.19e-91	302	80.38	0/-3
MinD	NZ_FMTM01000013.1	63.704	270	94	4	1	269	7809	7009	2.21e-91	302	77.41	0/-3
MinD	NZ_QJRY01000001.1	65.056	269	90	4	1	268	455038	454241	2.22e-91	302	77.70	0/-1
MinD	NZ_VOSK01000110.1	65.272	239	79	4	32	269	6127	5420	2.26e-91	302	79.50	0/-2
MinD	NZ_LPVS01000023.1	61.200	250	93	4	21	269	65542	64802	2.28e-91	302	77.60	0/-3
MinD	NZ_BANB01000213.1	64.435	239	81	4	32	269	14975	14268	2.40e-91	302	79.50	0/-1
MinD	NZ_VISO01000002.1	63.704	270	94	4	1	269	350532	351332	2.42e-91	302	77.41	0/3
MinD	NZ_PDNU01000037.1	58.566	251	91	3	30	268	56177	56926	2.67e-91	302	76.89	0/2
MinD	NZ_FUIG01000021.1	62.222	270	98	4	1	269	85660	84860	2.78e-91	302	78.89	0/-1
MinD	NZ_NPKH01000033.1	62.222	270	98	4	1	269	79638	78838	2.79e-91	302	78.89	0/-2
MinD	NZ_NWQG01000188.1	60.800	250	94	4	21	269	12698	13438	2.85e-91	302	77.60	0/2
MinD	NZ_JABEQM010000004.1	63.569	269	94	4	1	268	222864	223661	3.52e-91	301	78.07	0/3
MinD	NZ_BJVC01000005.1	63.569	269	94	4	1	268	169678	168881	3.91e-91	301	79.55	0/-1
MinD	NZ_PIQN01000014.1	63.333	270	95	4	1	269	239871	239071	3.95e-91	301	78.15	0/-3
MinD	NZ_CAUM01000141.1	60.800	250	94	4	21	269	3381	2641	4.02e-91	301	77.60	0/-3
MinD	NZ_CP059897.1	63.941	269	93	4	1	268	1314866	1314069	4.11e-91	301	78.07	0/-3
MinD	NZ_HG938353.1	63.333	270	95	4	1	269	2415181	2414381	4.11e-91	301	77.78	0/-2
MinD	NZ_RQXT01000033.1	61.200	250	93	4	21	269	35243	35983	4.12e-91	301	77.60	0/2
MinD	NZ_STGU01000009.1	64.684	269	91	4	1	268	22487	21690	4.18e-91	301	77.70	0/-3
MinD	NZ_BEWN01000005.1	62.222	270	98	4	1	269	179134	179934	4.23e-91	301	79.63	0/1
MinD	NZ_JACHBK010000016.1	64.050	242	83	4	29	269	109964	109248	4.43e-91	301	78.10	0/-1
MinD	NZ_PZJX01000046.1	60.800	250	94	4	21	269	63096	62356	4.72e-91	301	77.60	0/-3
MinD	NZ_JACIEK010000004.1	62.000	250	91	4	21	269	109604	110344	5.48e-91	301	76.00	0/2
MinD	NZ_BJZU01000336.1	62.896	221	79	3	29	248	75	731	5.77e-91	275	79.19	0/3
MinD	NZ_JABCQN010000004.1	62.222	270	98	4	1	269	102280	101480	6.40e-91	301	79.26	0/-2
MinD	NZ_JACIEZ010000009.1	64.074	270	93	4	1	269	78523	79323	6.46e-91	301	77.04	0/1
MinD	NZ_VCDI01000003.1	62.454	269	97	4	1	268	39284	38487	7.27e-91	301	78.07	0/-2
MinD	NZ_AGQV01000010.1	62.082	269	98	4	1	268	118229	119026	7.70e-91	301	79.93	0/2
MinD	NZ_QMBQ01000001.1	60.800	250	94	4	21	269	137233	136493	7.70e-91	301	78.00	0/-2
MinD	NZ_BJXS01000001.1	62.825	269	96	4	1	268	416354	415557	8.64e-91	300	78.44	0/-1
MinD	NZ_KQ961026.1	62.800	250	89	4	21	269	176261	175521	8.81e-91	300	76.00	0/-2
MinD	NZ_VITL01000007.1	62.454	269	97	4	1	268	146532	145735	8.88e-91	300	78.07	0/-3
MinD	NZ_JABEQH010000001.1	62.825	269	96	4	1	268	42423	41626	8.89e-91	300	78.07	0/-1
MinD	NZ_CP043043.1	61.852	270	99	4	1	269	318611	319411	9.08e-91	300	79.63	0/2
MinD	NZ_JMQK01000017.1	64.074	270	93	4	1	269	73665	74465	9.11e-91	300	77.78	0/3
MinD	NZ_JOKJ01000020.1	64.074	270	93	4	1	269	21820	21020	9.11e-91	300	77.78	0/-2
MinD	NZ_CP024201.1	62.593	270	98	3	1	269	1322513	1321710	9.26e-91	300	78.89	0/-2
MinD	NZ_QMBP01000016.1	60.800	250	94	4	21	269	129235	128495	9.40e-91	300	78.00	0/-2
MinD	NZ_JACIDK010000003.1	60.400	250	95	4	21	269	653743	654483	9.80e-91	300	78.40	0/1
MinD	NZ_ALJF01000010.1	65.056	269	90	4	1	268	359593	360390	1.01e-90	300	78.07	0/1
MinD	NZ_PYCN01000001.1	61.887	265	97	4	1	264	162258	161473	1.03e-90	300	80.38	0/-3
MinD	NZ_WQNF01000032.1	63.019	265	94	4	1	264	47389	46604	1.11e-90	300	79.62	0/-1
MinD	NZ_JAAMCM010000017.1	62.400	250	90	4	21	269	382048	381308	1.11e-90	300	75.60	0/-3
MinD	NZ_MWPQ01000049.1	62.222	270	99	3	1	269	36217	37020	1.13e-90	300	78.52	0/1
MinD	NZ_SWKE01000016.1	62.000	250	91	4	21	269	200643	199903	1.25e-90	300	76.40	0/-3
MinD	NZ_CP048635.1	62.400	250	90	4	21	269	253877	253137	1.35e-90	300	74.80	0/-3
MinD	NZ_FQVJ01000028.1	60.956	251	92	5	21	269	6289	7029	1.40e-90	300	78.09	0/1
MinD	NZ_JABEKU010000002.1	64.876	242	81	4	29	269	1610863	1610147	1.65e-90	300	76.86	0/-2
MinD	NZ_FOOA01000001.1	60.241	249	95	4	21	268	40229	39492	1.67e-90	300	76.31	0/-3
MinD	NZ_QYRN01000004.1	60.241	249	95	4	21	268	244743	245480	1.72e-90	300	75.90	0/3
MinD	NZ_JABEQF010000004.1	62.825	269	96	4	1	268	89263	88466	1.77e-90	300	78.07	0/-1
MinD	NZ_CAADFC020000016.1	62.454	269	97	4	1	268	565676	566473	1.77e-90	300	78.81	0/2
MinD	NZ_ML133508.1	64.876	242	81	4	29	269	364081	364797	1.89e-90	300	76.03	0/1
MinD	NZ_RRZI01000014.1	62.000	250	91	4	21	269	88231	87491	1.96e-90	300	75.20	0/-3
MinD	NZ_WURB01000044.1	64.706	238	80	4	33	269	9003	8299	1.97e-90	300	78.99	0/-2
MinD	NZ_KB900701.1	62.642	265	95	4	1	264	1991851	1992636	2.04e-90	300	80.00	0/1
MinD	NZ_JQJH01000010.1	61.852	270	100	3	1	269	153907	154710	2.08e-90	299	80.00	0/1
MinD	NZ_PCDP01000083.1	64.444	270	92	4	1	269	41081	41881	2.14e-90	299	76.30	0/2
MinD	NZ_JAEA01000001.1	64.286	238	81	4	33	269	327410	328114	2.18e-90	299	78.99	0/2
MinD	NZ_VJMG01000004.1	63.941	269	93	4	1	268	1276	479	2.20e-90	299	78.07	0/-3
MinD	NZ_LCYG01000016.1	64.286	238	81	4	33	269	383836	384540	2.25e-90	299	78.99	0/1
MinD	NZ_JACHWB010000004.1	64.286	238	81	4	33	269	160177	160881	2.55e-90	299	78.99	0/1
MinD	NZ_UFSM01000001.1	64.074	270	93	4	1	269	3574464	3573664	2.78e-90	299	80.00	0/-2
MinD	NZ_PUIV01000008.1	61.200	250	93	4	21	269	76996	77736	2.93e-90	299	77.20	0/1
MinD	NZ_JUHF01000009.1	63.704	270	94	4	1	269	101676	102476	3.06e-90	299	77.41	0/3
MinD	NZ_RWKW01000038.1	59.839	249	96	4	21	268	27789	28526	3.27e-90	299	78.31	0/3
MinD	NZ_CP014681.1	62.454	269	97	4	1	268	1786929	1787726	3.54e-90	299	78.81	0/3
MinD	NZ_JWJH01000013.1	62.400	250	90	4	21	269	92320	91580	3.56e-90	299	74.80	0/-3
MinD	NZ_JACIGW010000001.1	63.333	270	95	4	1	269	216656	217456	3.76e-90	299	77.41	0/2
MinD	NZ_SNUC01000033.1	62.642	265	95	4	1	264	33393	32608	3.80e-90	299	79.62	0/-1
MinD	NZ_JABEQK010000004.1	62.825	269	96	4	1	268	139829	139032	3.82e-90	299	77.70	0/-2
MinD	NZ_FUYX01000019.1	65.000	240	80	4	31	269	16529	17239	3.95e-90	298	77.08	0/2
MinD	NZ_JABEQL010000009.1	62.825	269	96	4	1	268	130093	130890	4.04e-90	298	77.70	0/1
MinD	NZ_JABEQE010000008.1	62.825	269	96	4	1	268	187212	188009	4.05e-90	298	77.70	0/3
MinD	NZ_LR723670.1	63.223	242	85	4	29	269	3742163	3741447	4.30e-90	298	78.10	0/-2
MinD	NZ_FMVJ01000004.1	63.866	238	82	4	33	269	303863	304567	4.73e-90	298	78.99	0/2
MinD	NZ_JABEQD010000011.1	62.825	269	96	4	1	268	21796	20999	4.76e-90	298	77.70	0/-3
MinD	NZ_QQAW01000006.1	62.825	269	96	4	1	268	47695	48492	4.77e-90	298	77.70	0/1
MinD	NZ_JABEQJ010000002.1	62.825	269	96	4	1	268	20765	19968	4.77e-90	298	77.70	0/-1
MinD	NC_011144.1	63.136	236	84	3	35	269	3067163	3066462	4.92e-90	298	78.81	0/-2
MinD	NZ_JACHFU010000002.1	63.223	242	85	4	29	269	75241	75957	5.06e-90	298	78.10	0/1
MinD	NZ_FNEE01000023.1	60.400	250	95	4	21	269	12500	13240	5.39e-90	298	77.60	0/2
MinD	NZ_FTPD01000067.1	60.400	250	95	4	21	269	181223	181963	5.42e-90	298	77.60	0/2
MinD	NZ_BBJU01000007.1	62.400	250	90	4	21	269	297191	297931	5.42e-90	298	75.60	0/2
MinD	NZ_FYDG01000022.1	60.370	270	103	4	1	269	1384	584	5.57e-90	298	78.52	0/-2
MinD	NZ_JAASQI010000004.1	60.800	250	94	4	21	269	65038	65778	5.57e-90	298	75.20	0/1
MinD	NZ_FORF01000002.1	65.126	238	79	4	33	269	127246	126542	5.96e-90	298	77.73	0/-2
MinD	NZ_CP015881.1	64.463	242	82	4	29	269	1624744	1625460	6.57e-90	298	76.86	0/1
MinD	NZ_SPJX01000410.1	64.286	238	81	4	33	269	12034	12738	6.68e-90	298	78.99	0/1
MinD	NZ_CP033032.1	62.000	250	91	4	21	269	297519	296779	7.82e-90	298	75.20	0/-2
MinD	NZ_AP014690.1	63.485	241	84	4	29	268	784537	783824	8.13e-90	298	78.84	0/-1
MinD	NZ_JACHIK010000002.1	65.289	242	80	4	29	269	193965	193249	8.28e-90	298	76.03	0/-3
MinD	NZ_PXYL01000003.1	64.074	270	93	4	1	269	74948	75748	8.28e-90	298	79.63	0/2
MinD	NZ_JABFCO010000011.1	64.815	270	91	4	1	269	262491	263291	8.44e-90	298	78.15	0/3
MinD	NZ_FUXL01000015.1	61.847	249	91	4	21	268	41075	40338	1.00e-89	297	75.10	0/-3
MinD	NZ_NHSJ01000057.1	60.741	270	102	4	1	269	107058	106258	1.02e-89	297	78.89	0/-2
MinD	NZ_SLZN01000002.1	61.338	269	100	4	1	268	287936	287139	1.06e-89	297	79.18	0/-2
MinD	NZ_QYBB01000002.1	62.800	250	89	4	21	269	49125	49865	1.09e-89	297	75.20	0/3
MinD	NZ_VDMN01000006.1	62.963	270	96	4	1	269	188617	189417	1.16e-89	297	77.41	0/1
MinD	NZ_BEWP01000007.1	59.839	249	96	4	21	268	168181	168918	1.17e-89	297	77.51	0/1
MinD	NZ_CP014689.1	59.839	249	96	4	21	268	1986869	1987606	1.17e-89	297	77.51	0/2
MinD	NZ_JACHEG010000001.1	62.963	270	96	4	1	269	1566284	1565484	1.19e-89	297	77.41	0/-2
MinD	NZ_QOIO01000026.1	64.017	239	82	4	32	269	14518	13811	1.30e-89	297	78.66	0/-2
MinD	NZ_QOIO01000026.1	60.967	269	98	4	1	268	4064	3276	2.33e-88	293	77.70	0/-1
MinD	NZ_CP032485.1	62.454	269	97	4	1	268	390548	391345	1.37e-89	297	78.44	0/2
MinD	NZ_JABXXR010000006.1	62.454	269	97	4	1	268	28029	28826	1.40e-89	297	77.70	0/3
MinD	NZ_MRDH01000023.1	62.249	249	90	4	21	268	179528	178791	1.42e-89	297	75.50	0/-1
MinD	NZ_BJLY01000004.1	60.967	269	101	4	1	268	211352	210555	1.44e-89	297	79.18	0/-2
MinD	NZ_LGLV01000006.1	65.272	239	79	4	32	269	236432	235725	1.66e-89	297	76.57	0/-3
MinD	NZ_BAJV01000006.1	63.485	241	84	4	29	268	114017	113304	1.86e-89	296	78.84	0/-3
MinD	NZ_CP004373.1	60.967	269	101	4	1	268	447243	448040	1.98e-89	296	79.18	0/3
MinD	NZ_JABFCN010000055.1	64.444	270	92	4	1	269	192688	193488	1.99e-89	296	78.15	0/1
MinD	NC_010581.1	61.481	270	101	3	1	269	1924968	1924165	2.02e-89	296	78.52	0/-1
MinD	NZ_BJMK01000005.1	60.967	269	101	4	1	268	170802	171599	2.11e-89	296	78.81	0/3
MinD	NZ_JUHT01000005.1	63.197	269	95	4	1	268	115194	115991	2.11e-89	296	77.32	0/3
MinD	NZ_JACIEE010000007.1	62.810	242	86	4	29	269	1214	498	2.18e-89	296	78.51	0/-1
MinD	NZ_CP054023.1	64.444	270	92	4	1	269	174424	173624	2.22e-89	296	78.15	0/-3
MinD	NZ_PQIH01000039.1	64.444	270	92	4	1	269	215528	214728	2.22e-89	296	78.15	0/-2
MinD	NZ_ML133521.1	64.444	270	92	4	1	269	1248755	1247955	2.22e-89	296	78.15	0/-1
MinD	NZ_BMCH01000003.1	62.656	241	86	4	29	268	283128	283841	2.24e-89	296	78.84	0/3
MinD	NZ_BJVA01000004.1	61.338	269	100	4	1	268	16002	15205	2.32e-89	296	78.81	0/-1
MinD	NZ_PGGM01000011.1	64.583	240	81	4	30	268	214719	215429	2.71e-89	296	78.33	0/3
MinD	NZ_RJJT01000008.1	64.444	270	92	4	1	269	199799	200599	2.77e-89	296	78.15	0/2
MinD	NZ_ML133647.1	64.444	270	92	4	1	269	487902	487102	2.77e-89	296	78.15	0/-1
MinD	NZ_KB889963.1	61.345	238	88	4	33	269	762992	763696	2.85e-89	296	79.41	0/2
MinD	NZ_CP038143.1	60.331	242	92	4	29	269	439711	440427	2.88e-89	296	78.93	0/1
MinD	NZ_VFQA01000005.1	65.690	239	78	4	32	269	492479	491772	2.99e-89	296	76.57	0/-1
MinD	NZ_SILH01000003.1	64.444	270	92	4	1	269	278465	277665	2.99e-89	296	78.15	0/-2
MinD	NZ_PCDQ01000075.1	63.600	250	87	4	21	269	132573	131833	3.26e-89	296	76.40	0/-2
MinD	NZ_BEWM01000005.1	61.481	270	100	4	1	269	162141	161341	3.46e-89	296	78.52	0/-3
MinD	NZ_MKIM01000027.1	63.941	269	93	4	1	268	239135	239932	4.04e-89	296	78.81	0/2
MinD	NZ_CP053857.1	61.200	250	93	4	21	269	1748329	1749069	4.08e-89	296	75.20	0/1
MinD	NZ_FNEW01000002.1	62.249	249	90	4	21	268	730244	730981	4.16e-89	296	75.10	0/2
MinD	NZ_CP032509.1	62.454	269	99	2	1	269	2872178	2872978	4.32e-89	296	77.70	0/2
MinD	NZ_PVBM01000008.1	62.397	242	87	4	29	269	161729	161013	4.71e-89	295	76.86	0/-3
MinD	NZ_JABEQX010000005.1	64.444	270	92	4	1	269	333184	333984	4.90e-89	295	78.15	0/1
MinD	NZ_FMXM01000026.1	61.852	270	99	4	1	269	17396	16596	4.92e-89	295	77.78	0/-3
MinD	NC_015186.1	62.593	270	97	4	1	269	2464426	2463626	4.95e-89	295	78.15	0/-2
MinD	NZ_JABCQO010000004.1	59.438	249	97	4	21	268	168692	169429	5.54e-89	295	77.11	0/2
MinD	NZ_KE383986.1	61.481	270	100	4	1	269	245425	246225	6.67e-89	295	77.78	0/1
MinD	NZ_CP020909.1	64.074	270	93	4	1	269	452810	452010	7.14e-89	295	78.15	0/-1
MinD	NZ_FMAH01000005.1	62.825	269	96	4	1	268	133325	134122	7.93e-89	295	77.32	0/2
MinD	NZ_JABXXP010000167.1	61.710	269	99	4	1	268	595	1392	7.96e-89	295	77.70	0/1
MinD	NZ_STGV01000003.1	62.593	270	97	4	1	269	312981	312181	8.17e-89	295	77.78	0/-3
MinD	NZ_JACIDR010000001.1	63.333	270	95	4	1	269	615758	616558	8.58e-89	295	76.67	0/2
MinD	NZ_LYPN01000012.1	64.074	270	93	4	1	269	209788	210588	8.65e-89	295	78.15	0/1
MinD	NZ_QWDD01000001.1	61.345	238	88	4	33	269	122605	121901	8.67e-89	295	78.99	0/-2
MinD	NZ_JACHGI010000003.1	62.963	270	96	4	1	269	450436	451236	8.92e-89	295	80.00	0/1
MinD	NZ_WUML01000005.1	64.463	242	82	4	29	269	103985	104701	9.08e-89	295	76.45	0/2
MinD	NZ_MSPX01000004.1	62.362	271	97	4	1	268	160832	160026	9.81e-89	295	76.75	0/-1
MinD	NC_020062.1	62.825	269	96	4	1	268	1472530	1471733	1.04e-88	295	76.95	0/-3
MinD	NZ_BAJT01000001.1	62.656	241	86	4	29	268	159655	158942	1.12e-88	295	78.42	0/-1
MinD	NZ_SLVX01000023.1	64.463	242	82	4	29	269	6555	7271	1.14e-88	295	76.03	0/3
MinD	NZ_CP038141.1	61.852	270	99	4	1	269	443520	444320	1.15e-88	295	78.15	0/3
MinD	NZ_ML133686.1	64.074	270	93	4	1	269	746279	745479	1.27e-88	294	78.15	0/-3
MinD	NC_020453.1	60.833	240	90	4	31	269	1205265	1205975	1.28e-88	294	80.00	0/3
MinD	NZ_BCZB01000008.1	61.710	269	99	4	1	268	45958	45161	1.44e-88	294	78.81	0/-2
MinD	NZ_SNZR01000013.1	63.223	242	85	4	29	269	419123	418407	1.49e-88	294	76.03	0/-2
MinD	NZ_WUJL01000002.1	63.485	241	84	4	30	269	116922	117635	1.55e-88	294	77.18	0/3
MinD	NZ_JAAAPL010000001.1	63.485	241	84	4	30	269	1226313	1225600	1.55e-88	294	77.18	0/-2
MinD	NZ_QGGG01000013.1	62.593	270	97	4	1	269	26830	26030	1.70e-88	294	78.52	0/-3
MinD	NZ_JQKO01000010.1	62.222	270	98	4	1	269	129182	129982	1.84e-88	294	77.04	0/2
MinD	NZ_BMES01000002.1	60.370	270	103	4	1	269	1873523	1874323	2.05e-88	294	77.78	0/2
MinD	NZ_BMCT01000011.1	64.435	239	81	4	32	269	83762	84469	2.08e-88	294	76.57	0/2
MinD	NZ_CP050139.1	61.852	270	101	2	1	270	636340	635537	2.09e-88	294	75.56	0/-2
MinD	NZ_QXGS01000023.1	57.200	250	94	2	32	269	29644	30390	2.12e-88	293	76.40	0/1
MinD	NZ_QYBC01000021.1	62.400	250	90	4	21	269	38448	37708	2.18e-88	293	75.60	0/-1
MinD	NZ_CADP01000009.1	61.481	270	102	2	1	270	4706	3903	2.47e-88	293	75.93	0/-1
MinD	NZ_JHQT01000009.1	61.600	250	92	4	21	269	91127	91867	2.53e-88	293	77.20	0/2
MinD	NZ_LLYA01000156.1	61.017	236	88	4	35	269	57163	56465	2.91e-88	293	80.08	0/-2
MinD	NZ_CP045423.1	62.762	239	85	4	32	269	3738296	3737589	2.93e-88	293	78.24	0/-1
MinD	NZ_BJZP01000017.1	63.071	241	85	4	29	268	56541	55828	2.99e-88	293	77.18	0/-2
MinD	NZ_NKUB01000005.1	61.481	270	102	2	1	270	6206	5403	3.06e-88	293	75.93	0/-2
MinD	NZ_BALE01000010.1	61.338	269	100	4	1	268	146610	145813	3.10e-88	293	78.07	0/-2
MinD	NZ_JACYXJ010000009.1	59.761	251	97	4	21	270	40003	39260	3.18e-88	293	78.49	0/-1
MinD	NZ_JACDIT010000001.1	62.222	270	98	4	1	269	621439	622239	3.19e-88	293	77.78	0/1
MinD	NZ_NNRI01000022.1	61.481	270	100	4	1	269	892172	892972	3.58e-88	293	77.78	0/2
MinD	NZ_JAAKZH010000006.1	63.223	242	85	4	29	269	46183	45467	3.68e-88	293	76.86	0/-3
MinD	NZ_JACJHZ010000007.1	63.704	270	94	4	1	269	128630	129430	3.79e-88	293	79.63	0/2
MinD	NZ_JATM01000002.1	61.506	239	88	4	31	268	254809	254102	4.02e-88	293	79.08	0/-3
MinD	NZ_JACZEP010000001.1	61.481	270	100	4	1	269	1075718	1076518	4.74e-88	293	78.15	0/2
MinD	NZ_LN811353.1	60.000	250	93	4	21	269	187514	188245	4.93e-88	293	75.20	0/2
MinD	NZ_JACHEF010000005.1	61.481	270	100	4	1	269	385628	384828	5.02e-88	293	77.41	0/-1
MinD	NZ_FMAG01000001.1	62.222	270	98	4	1	269	670535	669735	5.92e-88	292	76.67	0/-3
MinD	NZ_MZXV01000013.1	61.481	270	100	4	1	269	852933	853733	8.22e-88	292	77.41	0/3
MinD	NZ_BJUZ01000002.1	60.595	269	102	4	1	268	605143	604346	8.54e-88	292	78.81	0/-1
MinD	NZ_FMAC01000012.1	62.454	269	97	4	1	268	61064	61861	8.77e-88	292	76.95	0/2
MinD	NZ_CP062147.1	61.255	271	101	4	1	270	3007123	3007926	9.60e-88	292	77.12	0/1
MinD	NZ_LLXY01000035.1	61.017	236	88	4	35	269	125614	124916	9.75e-88	292	79.66	0/-3
MinD	NZ_CP025269.1	61.481	270	102	2	1	270	2798903	2798100	1.01e-87	291	75.19	0/-2
MinD	NZ_PVBN01000017.1	61.570	242	89	4	29	269	79774	80490	1.09e-87	291	76.45	0/1
MinD	NZ_QZWZ01000039.1	61.600	250	92	4	21	269	49147	48407	1.13e-87	291	77.60	0/-3
MinD	NZ_PDVP01000010.1	65.185	270	90	4	1	269	125339	124539	1.24e-87	291	77.04	0/-2
MinD	NZ_NKUA01000001.1	61.111	270	103	2	1	270	305001	305804	1.40e-87	291	75.56	0/3
MinD	NZ_BBWT01000022.1	60.643	249	94	4	21	268	17936	17199	1.40e-87	291	77.11	0/-2
MinD	NZ_JABJWD010000011.1	61.624	271	100	4	1	270	76126	76929	1.68e-87	291	76.75	0/1
MinD	NZ_CP015318.1	61.600	250	92	4	21	269	3066089	3066829	1.75e-87	291	77.60	0/2
MinD	NZ_SMYZ01000005.1	61.481	270	100	4	1	269	18704	19504	1.83e-87	291	78.15	0/2
MinD	NZ_QPIX01000006.1	63.454	249	87	4	21	268	3239	2502	1.87e-87	291	76.71	0/-2
MinD	NZ_WUMK01000012.1	63.223	242	85	4	29	269	24903	25619	1.93e-87	291	75.62	0/3
MinD	NZ_NKTX01000001.1	61.111	270	103	2	1	270	117252	116449	1.94e-87	291	75.56	0/-1
MinD	NZ_POTC01000007.1	61.624	271	100	4	1	270	33881	34684	1.97e-87	291	76.75	0/2
MinD	NZ_JACHFJ010000012.1	62.963	270	97	3	1	269	94311	95114	2.07e-87	291	78.15	0/3
MinD	NZ_JADAQV010000002.1	61.088	239	89	4	31	268	248748	248041	2.08e-87	291	79.08	0/-1
MinD	NZ_CP020554.1	61.088	239	89	4	31	268	925313	924606	2.08e-87	291	79.08	0/-1
MinD	NZ_JABJWC010000009.1	61.481	270	102	2	1	270	71255	72058	2.11e-87	291	75.19	0/2
MinD	NZ_FQZC01000004.1	62.605	238	85	4	33	269	53139	52435	2.18e-87	291	77.31	0/-3
MinD	NZ_BANF01000059.1	61.111	270	103	2	1	270	1132	329	2.47e-87	291	75.56	0/-1
MinD	NZ_PPCN01000003.1	57.371	251	103	4	21	270	176970	176227	2.64e-87	290	77.69	0/-3
MinD	NZ_KE386496.1	61.481	270	100	4	1	269	1660740	1661540	3.43e-87	290	77.04	0/3
MinD	NZ_CABFMQ020000024.1	61.481	270	100	4	1	269	75198	74398	3.45e-87	290	77.04	0/-2
MinD	NZ_JAEG01000009.1	62.241	241	87	4	29	268	255414	254701	4.28e-87	290	77.18	0/-2
MinD	NZ_QUWV01000047.1	60.741	270	104	2	1	270	13836	14639	4.40e-87	290	75.56	0/3
MinD	NZ_JACIJA010000002.1	60.741	270	104	2	1	270	157873	157070	4.50e-87	290	75.56	0/-3
MinD	NZ_BDLW01000033.1	60.370	270	105	2	1	270	65092	64289	4.57e-87	290	75.56	0/-2
MinD	NZ_CM011002.1	58.566	251	100	4	21	270	2349578	2348835	5.30e-87	290	76.10	0/-1
MinD	NZ_NHRY01000034.1	59.600	250	97	4	21	269	26063	25323	5.60e-87	290	76.80	0/-2
MinD	NZ_WOTH01000017.1	62.343	239	86	4	31	268	5688	6395	5.68e-87	290	77.41	0/3
MinD	NZ_VWPK01000064.1	62.762	239	85	4	32	269	24754	24047	6.46e-87	289	77.82	0/-3
MinD	NZ_CP036404.1	60.741	270	104	2	1	270	2647661	2646858	7.29e-87	289	75.56	0/-2
MinD	NZ_JACHWB010000002.1	60.741	270	98	5	1	268	636540	635749	8.35e-87	289	77.41	0/-2
MinD	NZ_FMXQ01000002.1	59.671	243	90	4	29	270	477828	478535	8.59e-87	289	77.78	0/3
MinD	NZ_VTWH01000004.1	63.704	270	94	4	1	269	130764	129964	8.83e-87	289	79.26	0/-1
MinD	NZ_QEXL01000009.1	60.886	271	102	4	1	270	72628	71825	9.16e-87	289	76.38	0/-3
MinD	NZ_BJYF01000008.1	61.506	239	88	4	31	268	84839	85546	9.44e-87	289	77.82	0/2
MinD	NZ_CP019875.1	61.111	270	103	2	1	270	2575869	2575066	9.84e-87	289	74.81	0/-2
MinD	NZ_PEBQ01000144.1	62.825	269	96	4	1	268	167509	166712	1.01e-86	289	78.81	0/-1
MinD	NZ_PSNV01000002.1	60.417	240	91	4	31	269	433346	432636	1.03e-86	289	77.08	0/-3
MinD	NZ_BAMV01000001.1	62.605	238	85	4	32	268	37800	38504	1.05e-86	289	76.89	0/3
MinD	NZ_VSSS01000108.1	64.135	237	81	4	29	264	7364	8065	1.30e-86	288	79.32	0/2
MinD	NZ_FOSN01000003.1	62.222	270	98	4	1	269	6269	5469	1.31e-86	288	75.56	0/-1
MinD	NZ_LGTB01000035.1	63.203	231	81	4	35	264	49053	49736	1.70e-86	288	79.65	0/3
MinD	NZ_NPEX01000002.1	58.678	242	96	4	29	269	488	1204	1.85e-86	288	76.86	0/2
MinD	NZ_WOTB01000008.1	61.506	239	88	4	31	268	83161	82454	1.93e-86	288	76.99	0/-3
MinD	NZ_CP042808.1	62.082	269	98	4	1	268	961049	960252	2.03e-86	288	79.18	0/-1
MinD	NZ_WOSV01000003.1	65.297	219	73	3	32	249	39131	39781	2.21e-86	288	81.74	0/2
MinD	NZ_CP015164.1	62.082	269	98	4	1	268	614748	613951	2.69e-86	288	79.18	0/-3
MinD	NC_021991.1	62.082	269	98	4	1	268	2586226	2585429	2.99e-86	288	79.18	0/-2
MinD	NZ_CP003182.2	60.251	239	91	4	32	269	544673	545380	3.39e-86	287	78.66	0/2
MinD	NZ_KB902575.1	61.506	239	88	4	31	268	223845	223138	3.52e-86	287	77.41	0/-3
MinD	NZ_VXDC01000006.1	59.259	243	95	4	29	270	196160	195441	3.65e-86	287	77.37	0/-1
MinD	NZ_PRCW01000017.1	60.517	271	103	4	1	270	10264	9461	3.95e-86	287	76.38	0/-1
MinD	NZ_CP054836.1	62.800	250	89	4	21	269	608486	607746	4.23e-86	287	76.00	0/-3
MinD	NZ_ADVE02000001.1	59.917	242	93	4	29	269	2782158	2781442	4.52e-86	287	76.03	0/-3
MinD	NZ_VOSK01000047.1	59.630	270	101	5	1	268	13862	14653	4.76e-86	287	78.15	0/2
MinD	NZ_CP022374.1	62.082	269	98	4	1	268	1091050	1090253	5.18e-86	287	78.81	0/-3
MinD	NZ_JACIDS010000005.1	59.414	239	93	4	32	269	442769	442062	5.33e-86	287	77.82	0/-2
MinD	NZ_VSSR01000080.1	63.713	237	82	4	29	264	8313	9014	5.95e-86	286	79.75	0/3
MinD	NZ_JAAABN010000002.1	61.088	239	89	4	31	268	182721	182014	5.98e-86	286	77.41	0/-2
MinD	NZ_CP029550.1	60.581	241	91	4	29	268	2958513	2959226	6.05e-86	286	76.76	0/3
MinD	NZ_CP029550.1	60.331	242	92	4	29	269	1697161	1697877	2.00e-85	285	76.03	0/1
MinD	NZ_CP029550.1	59.336	241	94	4	29	268	1729320	1730033	1.88e-84	282	76.76	0/3
MinD	NZ_JAATTO010000045.1	64.135	237	81	4	29	264	48402	49103	6.12e-86	286	78.90	0/3
MinD	NZ_JQKB01000061.1	59.389	229	92	1	21	249	13255	12572	6.72e-86	286	76.86	0/-3
MinD	NZ_FOAN01000003.1	66.529	242	77	4	29	269	470395	469679	6.98e-86	286	76.86	0/-3
MinD	NZ_BAMX01000017.1	62.553	235	84	4	35	268	19376	20071	7.52e-86	286	77.45	0/2
MinD	NZ_JACHXV010000007.1	60.669	239	90	4	31	268	10232	10939	7.67e-86	286	76.99	0/2
MinD	NZ_SMLZ01000113.1	59.259	243	95	4	29	270	84647	83928	7.98e-86	286	76.95	0/-3
MinD	NZ_QNRK01000003.1	61.710	269	99	4	1	268	234604	233807	8.14e-86	286	79.55	0/-1
MinD	NZ_CP029426.1	64.135	237	81	4	29	264	2996204	2996905	8.73e-86	286	78.90	0/2
MinD	NZ_BBWR01000010.1	61.765	238	87	4	33	269	122784	122080	9.58e-86	286	76.47	0/-2
MinD	NZ_KB899337.1	58.921	241	95	4	29	268	16949	16236	1.12e-85	286	78.84	0/-1
MinD	NZ_LABX01000294.1	61.506	239	88	4	31	268	1459	752	1.13e-85	286	77.41	0/-1
MinD	NZ_BMJJ01000001.1	62.288	236	85	4	35	269	217393	218091	1.44e-85	285	77.54	0/1
MinD	NZ_SMOA01000005.1	55.102	245	103	3	30	268	6307	7038	1.50e-85	285	74.69	0/1
MinD	NZ_QDGA01000010.1	59.259	270	102	5	1	268	100150	99359	1.54e-85	285	78.15	0/-2
MinD	NZ_PVZS01000001.1	61.111	270	101	4	1	269	95746	96546	1.65e-85	285	77.04	0/1
MinD	NZ_WOTF01000001.1	59.274	248	99	2	21	268	437972	437235	1.65e-85	285	73.79	0/-2
MinD	NZ_WOTA01000014.1	61.088	239	89	4	31	268	26923	26216	1.67e-85	285	76.57	0/-2
MinD	NZ_CP036515.1	60.370	270	103	4	1	269	4630339	4629539	1.73e-85	285	75.56	0/-2
MinD	NZ_CP030051.1	63.291	237	83	4	29	264	3694517	3695218	2.02e-85	285	79.32	0/2
MinD	NZ_FNBZ01000005.1	64.629	229	77	4	42	269	415234	415911	2.29e-85	285	77.29	0/1
MinD	NZ_VLLF01000004.1	59.671	243	94	4	29	270	75435	76154	2.45e-85	285	76.95	0/3
MinD	NZ_WOSX01000015.1	60.669	239	90	4	31	268	46320	45613	2.81e-85	285	76.57	0/-1
MinD	NZ_LFJC01000003.1	63.713	237	82	4	29	264	1385236	1384535	2.92e-85	285	78.06	0/-3
MinD	NZ_FOSL01000014.1	65.289	242	80	4	29	269	97696	96980	2.93e-85	285	76.45	0/-1
MinD	NZ_LHZT01000116.1	60.924	238	89	4	32	268	15466	16170	3.35e-85	285	76.89	0/1
MinD	NZ_LLXZ01000059.1	60.256	234	89	4	33	265	46102	46794	3.39e-85	285	79.06	0/1
MinD	NZ_CP042968.1	60.256	234	89	4	33	265	7519281	7518589	3.61e-85	284	79.06	0/-1
MinD	NZ_QOWC01000485.1	57.511	233	97	2	36	268	85	777	4.33e-85	263	74.25	0/1
MinD	NZ_LDRN01000277.1	60.669	239	90	4	31	268	1633	2340	4.81e-85	283	76.99	0/1
MinD	NZ_LN606600.1	60.924	238	89	4	32	268	72240	72944	4.91e-85	284	76.89	0/3
MinD	NZ_JACICC010000003.1	58.635	249	101	2	21	269	51027	50287	5.05e-85	284	73.49	0/-3
MinD	NZ_CP028843.1	61.088	239	89	4	31	268	4542521	4541814	5.21e-85	284	77.41	0/-3
MinD	NZ_CP028843.1	60.684	234	88	4	36	268	5585725	5586417	3.58e-83	279	77.78	0/1
MinD	NZ_VZZK01000031.1	59.751	241	93	4	29	268	54683	55396	5.22e-85	284	76.35	0/2
MinD	NZ_NKUG01000039.1	61.538	234	86	4	36	268	2716	2024	5.25e-85	284	78.21	0/-3
MinD	NZ_BMZQ01000005.1	64.876	242	81	4	29	269	54949	54233	6.24e-85	284	76.86	0/-2
MinD	NZ_CP022219.1	63.291	237	83	4	29	264	2866876	2867577	6.38e-85	284	79.32	0/1
MinD	NZ_PQFZ01000025.1	65.502	229	75	4	42	269	70488	69811	7.38e-85	283	76.86	0/-2
MinD	NZ_FNUY01000004.1	66.116	242	78	4	29	269	502725	503441	7.44e-85	283	76.86	0/3
MinD	NZ_JACHOP010000011.1	62.185	238	86	4	32	268	45147	45851	7.86e-85	283	77.31	0/3
MinD	NZ_LJYW01000001.1	60.800	250	94	4	21	269	1067144	1066404	8.69e-85	283	77.60	0/-1
MinD	NZ_JACIIG010000002.1	63.333	270	95	4	1	269	115429	116229	8.85e-85	283	77.04	0/1
MinD	NZ_FOPM01000006.1	61.538	234	86	4	36	268	213094	213786	1.02e-84	283	78.21	0/1
MinD	NZ_WQNE01000061.1	62.447	237	85	4	29	264	20601	19900	1.06e-84	283	78.90	0/-3
MinD	NZ_CP029425.1	63.291	237	83	4	29	264	6845421	6844720	1.07e-84	283	78.06	0/-1
MinD	NZ_VXDB01000042.1	58.436	243	97	4	29	270	13232	12513	1.16e-84	283	77.78	0/-1
MinD	NZ_LVEM01000001.1	63.713	237	82	4	29	264	1787040	1786339	1.18e-84	283	78.90	0/-2
MinD	NZ_CP030053.1	63.713	237	82	4	29	264	4094796	4094095	1.25e-84	283	78.90	0/-2
MinD	NZ_JACHOU010000003.1	65.702	242	79	4	29	269	530000	529284	1.49e-84	283	76.45	0/-1
MinD	NZ_JAEA01000003.1	58.148	270	105	5	1	268	166941	166150	1.56e-84	283	77.04	0/-1
MinD	NZ_FMAI01000006.1	63.675	234	82	3	29	261	344971	344276	1.56e-84	283	78.63	0/-2
MinD	NC_011666.1	60.223	269	105	2	1	269	688004	688804	1.58e-84	283	75.84	0/2
MinD	NZ_CP018171.1	59.851	269	104	4	1	268	2088304	2087507	1.64e-84	283	77.32	0/-1
MinD	NZ_CP017147.1	65.066	229	76	4	42	269	1365191	1365868	1.66e-84	283	76.86	0/2
MinD	NZ_WOSY01000006.1	60.581	241	91	4	29	268	186452	187165	1.79e-84	282	75.93	0/2
MinD	NZ_AAUW01000025.1	58.025	243	98	4	29	270	77739	77020	1.91e-84	282	76.13	0/-3
MinD	NZ_JACIDP010000001.1	61.345	238	89	3	33	269	866295	867002	2.03e-84	282	77.31	0/3
MinD	NZ_CP029553.1	60.251	239	91	4	31	268	2347355	2348062	2.99e-84	282	76.99	0/2
MinD	NZ_CP029553.1	60.251	239	91	4	31	268	5038699	5037992	1.13e-83	280	76.57	0/-3
MinD	NZ_LJYG01000112.1	63.291	237	83	4	29	264	20418	19717	3.32e-84	281	78.90	0/-2
MinD	NZ_JACHOS010000009.1	61.765	238	87	4	32	268	226294	226998	4.10e-84	281	76.89	0/1
MinD	NZ_JACJIB010000005.1	61.765	238	87	4	32	268	81793	81089	4.11e-84	281	76.89	0/-2
MinD	NZ_CP039546.1	61.765	238	87	4	32	268	1320554	1321258	4.11e-84	281	76.89	0/2
MinD	NZ_QHHQ01000001.1	61.039	231	87	3	21	250	1085348	1084662	4.36e-84	281	78.35	0/-3
MinD	NC_010172.1	61.765	238	87	4	32	268	1406785	1407489	4.53e-84	281	76.89	0/1
MinD	NZ_QBBV01000003.1	58.148	270	109	4	1	269	21241	22041	4.75e-84	281	77.41	0/1
MinD	NZ_JACHOT010000006.1	65.289	242	80	4	29	269	231597	232313	4.88e-84	281	76.45	0/3
MinD	NZ_LUKO01000011.1	62.447	237	85	4	29	264	121985	122686	4.92e-84	281	78.06	0/2
MinD	NZ_CP032695.1	63.333	270	95	4	1	269	2184693	2183893	5.39e-84	281	76.67	0/-1
MinD	NZ_JOMP01000011.1	60.924	238	89	4	32	268	311690	310986	5.82e-84	281	75.63	0/-1
MinD	NZ_LABY01000159.1	60.000	235	90	4	35	268	22810	22115	6.29e-84	281	77.45	0/-3
MinD	NZ_JACTUZ010000035.1	54.150	253	100	3	31	268	13327	14082	6.30e-84	281	71.94	0/1
MinD	NZ_CP039690.1	60.084	238	93	2	32	269	5171856	5172563	6.41e-84	281	76.05	0/3
MinD	NZ_NKUI01000017.1	61.345	238	88	4	32	268	43906	43202	6.90e-84	281	76.47	0/-2
MinD	NZ_BJMU01000001.1	60.000	240	94	2	29	268	326192	326905	1.01e-83	280	74.58	0/2
MinD	NZ_BAJU01000015.1	60.084	238	91	4	32	268	12760	13464	1.27e-83	280	75.63	0/1
MinD	NZ_VCMV01000004.1	62.593	270	97	4	1	269	51543	50743	1.32e-83	280	78.52	0/-3
MinD	NZ_LDRN01000144.1	61.538	234	86	4	36	268	9066	8374	1.50e-83	280	77.78	0/-1
MinD	NZ_LHZA01000157.1	60.000	240	94	2	29	268	41166	40453	1.80e-83	280	74.58	0/-1
MinD	NZ_BAJW01000005.1	60.000	240	94	2	29	268	73404	74117	1.81e-83	280	75.00	0/3
MinD	NZ_NPEU01000778.1	55.042	238	105	2	31	268	1085	378	1.92e-83	266	74.79	0/-2
MinD	NZ_CXWC01000011.1	57.613	243	99	4	29	270	675608	674889	1.98e-83	279	76.13	0/-1
MinD	NZ_LHZC01000057.1	60.000	240	94	2	29	268	144276	144989	2.12e-83	279	74.58	0/3
MinD	NZ_LABZ01000096.1	61.538	234	86	4	36	268	77	769	2.29e-83	279	78.21	0/2
MinD	NZ_BAMZ01000005.1	60.084	238	91	4	32	268	187895	187191	2.35e-83	279	75.63	0/-2
MinD	NZ_WOTD01000001.1	60.084	238	91	4	32	268	264278	264982	2.38e-83	279	75.63	0/2
MinD	NZ_CP022221.1	62.447	237	85	4	29	264	5539413	5538712	2.78e-83	279	77.64	0/-2
MinD	NZ_LBJC01000033.1	62.447	237	85	4	29	264	215019	215720	3.03e-83	279	78.06	0/3
MinD	NZ_CP011360.1	62.869	237	84	4	29	264	3971469	3972170	3.31e-83	279	78.48	0/3
MinD	NZ_AWXZ01000031.1	60.833	240	89	5	31	269	76517	75810	3.39e-83	279	76.67	0/-1
MinD	NZ_FOSV01000004.1	61.765	238	87	4	32	268	100704	100000	3.67e-83	278	76.89	0/-3
MinD	NZ_LPWD01000236.1	58.889	270	105	6	1	269	4130	3336	6.03e-83	278	75.93	0/-3
MinD	NZ_NCXK01000001.1	59.664	238	92	4	32	268	266014	266718	6.32e-83	278	75.63	0/1
MinD	NZ_UWOC01000136.1	55.785	242	103	4	29	269	6378	7094	7.09e-83	278	76.03	0/3
MinD	NZ_WNKV01000009.1	55.785	242	103	4	29	269	222809	222093	7.15e-83	278	76.03	0/-3
MinD	NZ_LJYF01000031.1	62.447	237	85	4	29	264	435845	436546	7.59e-83	278	78.06	0/2
MinD	NZ_MSIG01000017.1	58.750	240	95	4	31	269	12875	13585	7.69e-83	278	76.67	0/2
MinD	NC_017249.1	62.393	234	85	3	29	261	5656131	5655436	7.89e-83	278	78.21	0/-1
MinD	NZ_JACHBI010000005.1	62.963	270	96	4	1	269	9796	10596	8.43e-83	278	76.67	0/1
MinD	NZ_VLLA01000011.1	62.447	237	85	4	29	264	211038	211739	9.19e-83	278	77.64	0/3
MinD	NZ_WOTC01000001.1	59.664	238	92	4	32	268	310979	311683	9.57e-83	277	75.63	0/2
MinD	NZ_VITW01000001.1	62.447	237	85	4	29	264	525276	524575	1.29e-82	277	77.64	0/-2
MinD	NZ_JACIDN010000002.1	61.345	238	88	4	32	268	144436	143732	1.34e-82	277	76.47	0/-2
MinD	NZ_WOTE01000001.1	59.664	238	92	4	32	268	341943	342647	1.60e-82	277	75.63	0/3
MinD	NZ_BJZT01000014.1	60.924	238	89	4	32	268	15598	14894	1.93e-82	276	76.47	0/-3
MinD	NZ_LUUB01000079.1	62.447	237	85	4	29	264	103085	103786	2.03e-82	276	77.22	0/2
MinD	NZ_MKIP01000031.1	62.963	270	96	4	1	268	191584	192387	2.21e-82	276	77.41	0/1
MinD	NZ_JACJIM010000002.1	62.128	235	85	4	35	268	826970	826275	2.24e-82	276	77.45	0/-2
MinD	NZ_CP003811.1	62.128	235	85	4	35	268	3892973	3892278	2.24e-82	276	77.45	0/-2
MinD	NZ_FTNE01000025.1	62.343	239	86	4	32	269	56417	57124	2.85e-82	276	76.99	0/2
MinD	NZ_JNJH01000025.1	62.343	239	86	4	32	269	57097	57804	2.85e-82	276	76.99	0/1
MinD	NZ_RYFI01000001.1	61.194	268	102	2	1	268	216076	216873	2.99e-82	276	74.25	0/1
MinD	NZ_QEKZ01000021.1	61.702	235	86	4	35	268	29824	29129	3.54e-82	276	77.87	0/-1
MinD	NC_010505.1	61.702	235	86	4	35	268	3581817	3581122	3.56e-82	276	77.87	0/-2
MinD	NZ_VLKL01000006.1	62.447	237	85	4	29	264	152427	151726	3.99e-82	276	77.64	0/-1
MinD	NZ_CP030050.1	61.603	237	87	4	29	264	4894740	4895441	4.40e-82	275	77.64	0/3
MinD	NZ_BJMV01000001.1	59.664	238	94	2	31	268	206084	205377	6.22e-82	275	73.11	0/-2
MinD	NZ_CP043538.1	61.702	235	86	4	35	268	2526883	2526188	6.48e-82	275	77.87	0/-2
MinD	NZ_QFYP01000001.1	60.851	235	88	4	36	269	1767727	1768422	7.48e-82	275	77.87	0/1
MinD	NZ_BJZV01000022.1	60.924	238	89	4	32	268	26841	26137	7.94e-82	275	76.05	0/-1
MinD	NZ_LABX01000155.1	59.574	235	91	4	35	268	11064	11759	8.23e-82	275	76.60	0/3
MinD	NZ_BMGG01000004.1	60.251	239	92	3	31	268	263018	262308	9.34e-82	275	73.22	0/-2
MinD	NZ_LS398110.1	61.603	237	87	4	29	264	4435614	4434913	1.70e-81	274	77.64	0/-3
MinD	NZ_QDGA01000032.1	56.627	249	104	4	21	268	47052	46315	1.76e-81	274	74.70	0/-2
MinD	NZ_CP015367.1	61.864	236	86	4	34	268	3046611	3045913	1.89e-81	274	77.12	0/-2
MinD	NZ_MJUX01000002.1	58.577	239	95	4	32	269	99786	100493	2.20e-81	273	76.15	0/3
MinD	NZ_PGVG01000024.1	61.603	237	87	4	29	264	26759	26058	2.46e-81	273	77.64	0/-3
MinD	NZ_AQHN01000084.1	62.921	267	95	4	1	266	228786	229577	3.09e-81	273	76.78	0/3
MinD	NZ_CABFPH010000012.1	62.393	234	84	4	36	268	62490	63182	4.11e-81	273	77.35	0/3
MinD	NZ_JACICD010000001.1	63.158	228	81	3	42	268	96582	95905	5.21e-81	272	74.56	0/-2
MinD	NZ_CP033231.1	60.426	235	89	4	35	268	5784489	5785184	8.20e-81	272	78.30	0/3
MinD	NZ_CABFVH010000001.1	61.277	235	87	4	35	268	350795	351490	1.01e-80	271	77.45	0/2
MinD	NZ_CP019948.1	58.750	240	95	4	31	269	556206	555496	1.27e-80	271	76.67	0/-2
MinD	NZ_FNHS01000004.1	61.702	235	86	4	35	268	244909	244214	1.50e-80	271	78.30	0/-3
MinD	NZ_LN811357.1	58.403	238	97	2	32	269	277885	277178	1.52e-80	271	75.21	0/-1
MinD	NZ_LSEF01000007.1	61.181	237	88	4	29	264	3408	2707	2.41e-80	270	76.79	0/-1
MinD	NZ_SNXY01000011.1	59.917	242	93	4	29	269	65845	66561	3.13e-80	270	77.27	0/1
MinD	NZ_VZDO01000010.1	59.917	242	93	4	29	269	177814	177098	5.32e-80	270	74.79	0/-2
MinD	NZ_FOTK01000016.1	60.169	236	90	4	34	268	87088	87786	6.83e-80	269	77.54	0/1
MinD	NZ_BMIQ01000004.1	58.577	239	95	4	31	268	155878	156585	7.55e-80	269	76.15	0/1
MinD	NZ_CP016617.1	54.217	249	109	4	21	268	774161	773427	1.26e-79	268	74.30	0/-2
MinD	NZ_QFYQ01000001.1	60.084	238	92	3	33	269	2877689	2876982	1.27e-79	268	75.21	0/-1
MinD	NZ_JH660648.1	55.020	249	108	4	21	268	6404	5667	1.71e-78	265	73.49	0/-2
MinD	NZ_WEZG01000004.1	56.017	241	104	2	29	269	254390	253674	2.66e-78	265	72.20	0/-2
MinD	NC_011894.1	56.838	234	99	2	35	268	2972601	2973296	2.36e-77	262	74.36	0/3
MinD	NC_011894.1	56.957	230	97	2	35	264	5599484	5600167	3.42e-76	259	74.78	0/2
MinD	NC_014217.1	65.714	210	69	3	42	250	3827266	3827889	2.57e-77	262	78.57	0/1
MinD	NZ_JACTVA010000021.1	50.980	255	107	3	31	268	14391	13630	7.25e-77	261	70.98	0/-1
MinD	NZ_SMFY01000008.1	66.667	210	67	3	42	250	25085	25708	1.35e-76	260	77.62	0/2
MinD	NZ_FMTP01000003.1	60.965	228	84	4	42	268	50856	51527	5.17e-76	258	73.68	0/3
MinD	NZ_CP048630.1	60.526	228	86	4	42	268	2786864	2787538	7.99e-76	258	74.12	0/2
MinD	NZ_SPJX01000029.1	54.839	248	110	2	21	268	87539	86802	1.07e-75	257	71.37	0/-1
MinD	NC_009504.1	56.296	270	72	4	1	269	302933	303607	7.92e-73	249	65.93	0/2
MinD	NZ_LNCU01000123.1	59.330	209	81	4	57	264	2345	1728	1.57e-71	245	77.51	0/-3
MinD	NZ_JABETK010000001.1	61.463	205	75	4	66	269	2247139	2246534	2.71e-71	236	74.63	0/-2
MinD	NZ_JABETK010000001.1	75.758	66	16	0	1	66	2247333	2247136	2.71e-71	58.9	86.36	0/-3
MinD	NZ_BAIN01000031.1	57.561	205	83	4	65	268	3208	3813	3.24e-65	215	72.68	0/1
MinD	NZ_BAIN01000031.1	71.429	35	10	0	31	65	3107	3211	3.24e-65	59.3	88.57	0/2
MinD	NZ_SMNT01000186.1	58.621	203	80	4	67	268	4950	4351	6.65e-65	226	75.37	0/-1
MinD	NZ_SMNT01000144.1	58.621	203	80	4	67	268	9695	9096	1.15e-64	225	75.37	0/-1
MinD	NZ_VZZK01000021.1	55.725	131	55	3	139	268	40276	40662	1.32e-61	134	72.52	0/1
MinD	NZ_VZZK01000021.1	63.043	92	33	1	29	120	39932	40204	1.32e-61	128	82.61	0/2
MinD	NZ_CP016618.1	49.724	181	89	2	88	268	68537	68001	2.43e-46	173	68.51	0/-2
MinD	NZ_QURJ01000370.1	71.287	101	29	0	170	270	5	307	1.38e-41	147	82.18	0/2
MinD	NZ_BAKW01000004.1	58.824	136	49	2	29	164	140419	140805	1.69e-40	156	72.79	0/1
MinD	NZ_BAKW01000004.1	56.835	139	57	3	131	268	140721	141131	1.70e-37	147	73.38	0/3
MinD	NZ_PELK01000086.1	62.500	88	32	1	114	201	263	3	5.23e-27	117	81.82	0/-3
MinD	NZ_SMNT01000147.1	70.000	70	21	0	29	98	7349	7558	2.83e-23	106	82.86	0/2
MinD	NZ_CP030239.1	79.661	59	12	0	36	94	3193517	3193341	5.43e-23	105	91.53	0/-3
MinD	NZ_SMNT01000109.1	68.571	70	22	0	29	98	14008	14217	4.47e-22	102	81.43	0/1
MinD	NZ_PELK01000135.1	63.158	57	20	1	145	201	455	622	5.73e-12	72.8	82.46	0/2
MinD	NZ_PELK01000135.1	72.500	40	11	0	31	70	305	424	1.22e-10	68.6	87.50	0/2
MinD	NC_008576.1	28.767	146	97	4	23	165	3801079	3800654	4.71e-10	67.4	52.74	0/-2
MinD	NZ_JACIGI010000024.1	29.787	141	95	2	23	161	39610	39194	3.45e-06	55.5	50.35	0/-3


