# tblastn
# Iteration: 0
# Query: MinD
# RID: 7KNH53HH013
# Database: ref_prok_rep_genomes
# Fields: query acc.ver, subject acc.ver, % identity, alignment length, mismatches, gap opens, q. start, q. end, s. start, s. end, evalue, bit score, % positives, query/sbjct frames
# 795 hits found
MinD	NZ_LR134313.1	77.122	271	60	2	1	270	1137212	1136403	4.25e-124	395	88.93	0/-2
MinD	NZ_QETA01000001.1	77.778	270	60	0	1	270	542170	541361	8.43e-124	394	86.30	0/-2
MinD	NZ_CP007446.1	76.753	271	62	1	1	270	382393	381581	9.66e-124	394	87.82	0/-1
MinD	NZ_CP059565.1	76.753	271	61	2	1	270	1187474	1186665	1.45e-123	394	88.93	0/-1
MinD	NZ_HG916765.1	76.667	270	63	0	1	270	3164806	3165615	1.60e-123	394	86.67	0/1
MinD	NZ_CP031699.1	77.206	272	59	2	1	270	854405	855217	2.03e-123	393	87.87	0/2
MinD	NZ_UGQS01000002.1	76.838	272	60	2	1	270	1107973	1108785	2.72e-123	393	87.87	0/1
MinD	NZ_CP013119.1	76.667	270	63	0	1	270	1510611	1511420	3.39e-123	392	88.15	0/3
MinD	NZ_SDQE01000008.1	76.296	270	64	0	1	270	70209	71018	4.10e-123	392	87.41	0/3
MinD	NZ_CP022390.1	76.667	270	63	0	1	270	2473788	2474597	4.99e-123	392	88.15	0/3
MinD	NZ_CP059567.1	77.491	271	59	2	1	270	2216565	2217374	6.67e-123	392	87.45	0/3
MinD	NZ_RBID01000018.1	74.815	270	68	0	1	270	148283	149092	6.72e-123	392	87.78	0/2
MinD	NZ_BMYW01000015.1	74.815	270	68	0	1	270	35728	34919	8.38e-123	391	87.78	0/-1
MinD	NZ_CP046027.1	76.838	272	60	2	1	270	970236	971048	1.31e-122	391	87.13	0/3
MinD	NZ_SHKO01000001.1	75.556	270	66	0	1	270	1605043	1604234	1.50e-122	390	87.41	0/-1
MinD	NC_017964.1	75.556	270	66	0	1	270	1391236	1390427	1.62e-122	390	87.41	0/-2
MinD	NZ_CP003915.1	75.556	270	66	0	1	270	3061312	3062121	2.15e-122	390	87.41	0/1
MinD	NZ_BCWN01000006.1	75.556	270	66	0	1	270	91313	92122	2.70e-122	390	86.30	0/2
MinD	NZ_GL985618.1	76.587	252	56	2	21	270	36646	35894	4.23e-122	389	85.71	0/-3
MinD	NZ_PXYY01000005.1	76.471	272	61	2	1	270	23831	23019	6.66e-122	389	87.13	0/-1
MinD	NZ_JACHHM010000004.1	75.556	270	66	0	1	270	255967	256776	7.54e-122	389	87.78	0/1
MinD	NZ_LS483369.1	77.206	272	59	2	1	270	1705427	1706239	8.73e-122	389	86.76	0/2
MinD	NZ_FQXE01000006.1	75.926	270	65	0	1	270	78720	77911	9.33e-122	389	86.67	0/-1
MinD	NZ_LR134516.1	76.384	271	62	2	1	270	2065744	2064935	9.71e-122	388	87.82	0/-3
MinD	NZ_CP031253.1	77.206	272	59	2	1	270	1900439	1899627	1.30e-121	388	86.76	0/-2
MinD	NZ_FNNH01000012.1	77.778	270	58	2	1	270	67669	68472	1.66e-121	388	87.78	0/1
MinD	NZ_LT906482.1	76.015	271	63	2	1	270	531097	531906	1.82e-121	387	88.19	0/1
MinD	NZ_QQHX01000005.1	77.206	272	59	2	1	270	77249	78061	1.96e-121	387	86.40	0/2
MinD	NZ_CP031325.1	77.206	272	59	2	1	270	926318	925506	1.97e-121	387	86.40	0/-1
MinD	NZ_CP012028.1	77.206	272	59	2	1	270	1065277	1066089	1.97e-121	387	86.40	0/1
MinD	NZ_RQXU01000013.1	72.963	270	73	0	1	270	61422	62231	2.26e-121	387	87.78	0/3
MinD	NZ_NQOU01000001.1	75.926	270	65	0	1	270	712804	713613	2.60e-121	387	86.67	0/1
MinD	NZ_CP021520.1	76.838	272	60	2	1	270	1716751	1715939	3.04e-121	387	86.03	0/-3
MinD	NZ_BMYP01000004.1	74.074	270	70	0	1	270	35055	34246	3.08e-121	387	87.41	0/-2
MinD	NZ_BMZN01000002.1	75.185	270	67	0	1	270	522987	522178	3.10e-121	387	88.15	0/-2
MinD	NZ_SMBX01000004.1	75.556	270	66	0	1	270	162278	161469	3.28e-121	387	86.67	0/-3
MinD	NZ_BMYS01000025.1	74.815	270	68	0	1	270	16147	16956	3.72e-121	387	87.41	0/1
MinD	NZ_JQKE01000033.1	75.646	271	65	1	1	270	8236	9048	3.80e-121	387	87.45	0/1
MinD	NZ_RCZJ01000002.1	73.333	270	72	0	1	270	1159882	1159073	4.65e-121	386	86.30	0/-1
MinD	NZ_LT841147.1	75.299	251	60	2	21	270	16260	17009	5.32e-121	386	86.45	0/3
MinD	NZ_CP058554.1	73.606	269	71	0	1	269	429042	428236	5.48e-121	386	86.25	0/-2
MinD	NZ_LR134533.1	75.646	271	64	2	1	270	1068133	1068942	5.98e-121	386	87.82	0/1
MinD	NZ_JUFZ01000028.1	75.794	252	58	2	21	270	21711	22463	6.79e-121	386	84.52	0/3
MinD	NZ_POWW01000008.1	75.794	252	58	2	21	270	58475	59227	6.87e-121	386	84.52	0/2
MinD	NZ_PDUW01000006.1	74.815	270	68	0	1	270	172170	172979	9.40e-121	385	86.67	0/3
MinD	NZ_SDQD01000002.1	75.185	270	67	0	1	270	40426	39617	9.41e-121	385	87.41	0/-1
MinD	NC_012791.1	72.593	270	74	0	1	270	62549	61740	9.50e-121	385	87.78	0/-2
MinD	NZ_SDQC01000001.1	74.815	270	68	0	1	270	441255	442064	1.08e-120	385	86.67	0/3
MinD	NC_018518.1	74.815	270	68	0	1	270	3945935	3945126	1.11e-120	385	86.67	0/-1
MinD	NZ_AP019378.1	74.815	270	68	0	1	270	3179249	3180058	1.11e-120	385	86.67	0/2
MinD	NZ_LR134326.1	74.815	270	68	0	1	270	1035651	1034842	1.11e-120	385	86.67	0/-3
MinD	NZ_CP019239.1	72.963	270	73	0	1	270	14280	13471	1.14e-120	385	86.67	0/-2
MinD	NZ_CP019239.1	30.263	152	93	4	21	166	3315346	3315780	2.21e-08	61.2	50.66	0/1
MinD	NZ_CADFGU010000001.1	73.606	269	71	0	1	269	422600	423406	1.44e-120	385	86.62	0/2
MinD	NZ_CP022278.1	75.277	271	65	2	1	270	1388366	1389175	1.47e-120	385	88.19	0/2
MinD	NZ_CP020737.1	73.978	269	70	0	1	269	1046553	1047359	1.54e-120	385	86.62	0/3
MinD	NZ_CP013414.1	73.978	269	70	0	1	269	1131283	1132089	1.54e-120	385	86.62	0/1
MinD	NZ_FKBS01000007.1	74.444	270	69	0	1	270	319418	318609	1.66e-120	385	87.04	0/-2
MinD	NZ_CP039886.1	75.397	252	59	2	21	270	1975788	1975036	1.73e-120	385	85.32	0/-3
MinD	NZ_CP012943.1	74.815	270	68	0	1	270	1994800	1995609	1.78e-120	385	85.93	0/1
MinD	NZ_LXSQ01000011.1	76.015	271	63	2	1	270	1917	2726	1.95e-120	385	87.08	0/3
MinD	NZ_CABKQE010000001.1	74.815	270	68	0	1	270	1908394	1907585	2.04e-120	385	85.93	0/-1
MinD	NZ_QMFZ01000023.1	73.606	269	71	0	1	269	55435	56241	2.11e-120	384	86.62	0/1
MinD	NZ_CP045235.1	73.606	269	71	0	1	269	1010561	1011367	2.12e-120	384	86.62	0/2
MinD	NZ_LXSL01000034.1	76.384	271	62	2	1	270	1786	2595	2.16e-120	384	86.72	0/1
MinD	NZ_CP013459.1	73.978	269	70	0	1	269	1072481	1073287	2.43e-120	384	86.62	0/2
MinD	NZ_LOWA01000055.1	73.606	269	71	0	1	269	33024	32218	2.49e-120	384	86.99	0/-1
MinD	NZ_BCTI01000064.1	73.333	270	72	0	1	270	3120	2311	2.66e-120	384	85.19	0/-2
MinD	NZ_CADFDQ010000013.1	73.978	269	70	0	1	269	87153	86347	2.72e-120	384	86.62	0/-2
MinD	NZ_CADIKZ010000006.1	74.815	270	68	0	1	270	295169	295978	2.75e-120	384	87.41	0/2
MinD	NZ_AGUF01000013.1	74.444	270	69	0	1	270	98919	98110	2.80e-120	384	87.41	0/-1
MinD	NZ_CADIKU010000003.1	74.444	270	69	0	1	270	2282	1473	2.80e-120	384	87.41	0/-2
MinD	NZ_CADIKR010000003.1	74.444	270	69	0	1	270	108885	108076	2.80e-120	384	87.41	0/-1
MinD	NZ_PKJQ01000008.1	75.000	252	60	2	21	270	25308	24556	3.29e-120	384	85.71	0/-1
MinD	NZ_CADEYK010000002.1	74.721	269	68	0	1	269	439079	439885	3.50e-120	384	85.87	0/2
MinD	NC_010170.1	74.444	270	69	0	1	270	986269	985460	3.61e-120	384	86.67	0/-3
MinD	NZ_RXFT01000002.1	72.862	269	73	0	1	269	109585	110391	3.97e-120	384	86.99	0/1
MinD	NZ_CP031700.1	76.384	271	62	2	1	270	251499	252308	4.17e-120	384	85.61	0/3
MinD	NZ_NJIH01000004.1	74.444	270	69	0	1	270	114622	115431	4.42e-120	384	87.78	0/1
MinD	NZ_CP011257.1	74.444	270	69	0	1	270	1814728	1815537	4.68e-120	384	85.93	0/1
MinD	NZ_CADIKT010000001.1	75.185	270	67	0	1	270	241386	240577	4.77e-120	384	86.67	0/-3
MinD	NZ_UGRT01000001.1	75.794	252	58	2	21	270	1349354	1348602	4.91e-120	384	84.52	0/-2
MinD	NZ_JAANPV010000002.1	74.444	270	69	0	1	270	28058	28867	5.05e-120	384	86.30	0/2
MinD	NZ_QQAV01000001.1	73.978	269	70	0	1	269	857428	858234	5.11e-120	384	86.62	0/1
MinD	NZ_CP009555.1	73.234	269	72	0	1	269	2745963	2746769	6.08e-120	383	86.99	0/3
MinD	NZ_CADIJO010000016.1	75.185	270	67	0	1	270	149597	150406	6.18e-120	383	86.67	0/2
MinD	NZ_CP047241.1	73.333	270	72	0	1	270	3508863	3509672	6.96e-120	383	86.67	0/3
MinD	NZ_FXAG01000008.1	74.074	270	70	0	1	270	115004	114195	7.35e-120	383	86.30	0/-1
MinD	NZ_LFYT02000001.1	73.704	270	71	0	1	270	194566	193757	7.58e-120	383	85.19	0/-1
MinD	NZ_CP035900.1	73.606	269	71	0	1	269	3093020	3093826	7.82e-120	383	86.99	0/2
MinD	NZ_CP002580.1	73.606	269	71	0	1	269	951392	952198	7.82e-120	383	86.99	0/2
MinD	NZ_CADILE010000001.1	74.815	270	68	0	1	270	223842	223033	7.89e-120	383	87.04	0/-3
MinD	NZ_LNQV01000047.1	73.333	270	72	0	1	270	5589	6398	8.30e-120	383	86.67	0/3
MinD	NZ_FNHP01000002.1	73.704	270	71	0	1	270	62809	63618	8.86e-120	383	85.93	0/1
MinD	NZ_QXMN01000063.1	71.747	269	76	0	1	269	440	1246	8.92e-120	383	87.36	0/2
MinD	NZ_UGJJ01000001.1	76.015	271	63	2	1	270	862130	862939	9.67e-120	383	87.08	0/2
MinD	NZ_CP021762.1	74.444	270	69	0	1	270	3625040	3625849	9.86e-120	382	85.56	0/2
MinD	NZ_JQKD01000006.1	72.862	269	73	0	1	269	259551	258745	9.93e-120	382	87.73	0/-2
MinD	NZ_JACCEX010000001.1	74.444	270	69	0	1	270	925754	924945	1.03e-119	382	86.30	0/-2
MinD	NZ_CP016022.1	74.074	270	70	0	1	270	3676382	3677191	1.06e-119	382	85.93	0/2
MinD	NZ_JAVA01000012.1	73.606	269	71	0	1	269	216784	215978	1.09e-119	382	86.62	0/-1
MinD	NZ_CADERN010000003.1	73.234	269	72	0	1	269	440769	439963	1.12e-119	382	86.62	0/-1
MinD	NZ_CP009795.1	73.234	269	72	0	1	269	2361138	2360332	1.12e-119	382	86.62	0/-1
MinD	NZ_CP009832.1	73.234	269	72	0	1	269	1136997	1137803	1.12e-119	382	86.62	0/3
MinD	NZ_VOID02000182.1	73.704	270	71	0	1	270	94509	93700	1.13e-119	382	86.30	0/-3
MinD	NZ_RKQL01000004.1	74.074	270	70	0	1	270	201708	200899	1.13e-119	382	84.44	0/-1
MinD	NZ_LOYT01000045.1	73.234	269	72	0	1	269	247670	246864	1.13e-119	382	86.62	0/-3
MinD	NZ_UFUJ01000001.1	75.277	271	66	1	1	270	907880	907068	1.18e-119	382	87.08	0/-3
MinD	NZ_FMWO01000102.1	75.556	270	64	2	1	270	94332	95135	1.38e-119	382	87.78	0/3
MinD	NZ_CP059571.1	76.015	271	63	2	1	270	92960	93769	1.57e-119	382	86.72	0/2
MinD	NZ_CADIKW010000008.1	74.815	270	68	0	1	270	281787	282596	1.69e-119	382	86.67	0/3
MinD	NZ_CP025774.1	74.815	270	68	0	1	270	1150579	1149770	1.69e-119	382	86.67	0/-2
MinD	NZ_CP029495.1	73.333	270	72	0	1	270	348860	349669	1.71e-119	382	85.93	0/2
MinD	NZ_LR134302.1	75.185	270	67	0	1	270	3585150	3584341	1.71e-119	382	86.67	0/-2
MinD	NZ_ACIS01000008.1	73.704	270	71	0	1	270	113153	112344	1.88e-119	382	86.30	0/-2
MinD	NZ_LR025742.1	72.862	269	73	0	1	269	1596030	1595224	2.02e-119	382	86.62	0/-1
MinD	NZ_CP038018.1	76.015	271	63	2	1	270	495391	494582	2.03e-119	382	86.72	0/-1
MinD	NZ_PYAL01000010.1	74.074	270	70	0	1	270	101053	100244	2.13e-119	382	86.30	0/-1
MinD	NZ_JAATIZ010000006.1	74.444	270	69	0	1	270	16577	15768	2.17e-119	382	87.41	0/-2
MinD	NZ_CP039887.1	74.603	252	61	2	21	270	1765370	1766122	2.26e-119	382	85.32	0/2
MinD	NZ_CADILD010000003.1	74.815	270	68	0	1	270	276769	275960	2.33e-119	382	86.67	0/-2
MinD	NZ_JHZJ01000009.1	73.333	270	72	0	1	270	227396	226587	2.35e-119	382	86.30	0/-1
MinD	NZ_FNYE01000014.1	72.862	269	73	0	1	269	74545	75351	2.37e-119	382	86.62	0/1
MinD	NZ_VMTV02000512.1	73.333	270	72	0	1	270	97417	96608	2.53e-119	381	86.30	0/-3
MinD	NZ_CABVQD010000018.1	72.862	269	73	0	1	269	144049	144855	2.53e-119	381	86.25	0/1
MinD	NZ_CADFCV010000001.1	72.862	269	73	0	1	269	825276	824470	2.80e-119	381	86.62	0/-1
MinD	NC_015677.1	72.593	270	74	0	1	270	42240	41431	2.83e-119	381	87.41	0/-1
MinD	NZ_JACWNE010000002.1	74.074	270	70	0	1	270	1329785	1330594	3.05e-119	381	85.56	0/2
MinD	NZ_CADEVI010000006.1	72.862	269	73	0	1	269	87174	86368	3.26e-119	381	86.62	0/-3
MinD	NZ_CADFCT010000005.1	72.862	269	73	0	1	269	109701	108895	3.27e-119	381	86.62	0/-1
MinD	NZ_CP009727.1	72.862	269	73	0	1	269	1370595	1371401	3.30e-119	381	86.62	0/3
MinD	NZ_CP008781.1	72.862	269	73	0	1	269	2764073	2764879	3.30e-119	381	86.62	0/2
MinD	NZ_LBNQ01000024.1	73.704	270	71	0	1	270	19954	20763	3.31e-119	381	86.67	0/1
MinD	NZ_JADDOJ010000036.1	72.593	270	74	0	1	270	15645	16454	3.35e-119	381	86.30	0/3
MinD	NZ_CADEPL010000012.1	73.704	270	71	0	1	270	57110	57919	3.45e-119	381	86.30	0/2
MinD	NZ_AP018358.1	72.862	269	73	0	1	269	1065841	1066647	3.74e-119	381	86.62	0/1
MinD	NC_007908.1	72.593	270	74	0	1	270	39658	38849	3.81e-119	381	86.30	0/-3
MinD	NC_007908.1	28.947	152	95	4	21	166	1398291	1397857	6.81e-09	62.8	51.97	0/-1
MinD	NZ_BAYD01000001.1	72.491	269	74	0	1	269	78878	79684	4.03e-119	381	87.36	0/2
MinD	NZ_KB894773.1	72.593	270	74	0	1	270	88698	89507	4.18e-119	381	85.56	0/3
MinD	NZ_VAHD01000001.1	72.593	270	74	0	1	270	772152	771343	4.20e-119	381	86.30	0/-3
MinD	NZ_FNOY01000020.1	76.667	270	61	2	1	270	38459	39262	4.36e-119	381	86.67	0/2
MinD	NZ_CABVPX010000039.1	72.862	269	73	0	1	269	63912	64718	4.42e-119	381	86.62	0/3
MinD	NZ_CAHLAR010000003.1	74.444	270	69	0	1	270	731903	732712	4.45e-119	381	86.67	0/2
MinD	NZ_CADIKO010000003.1	74.444	270	69	0	1	270	217716	216907	4.45e-119	381	86.67	0/-1
MinD	NZ_CP013401.1	72.862	269	73	0	1	269	1012933	1013739	4.45e-119	381	86.62	0/1
MinD	NZ_CP038034.1	74.444	270	69	0	1	270	5429528	5430337	4.45e-119	381	86.67	0/2
MinD	NZ_SMAJ01000010.1	74.074	270	70	0	1	270	374	1183	4.52e-119	381	87.04	0/2
MinD	NZ_UFQB01000004.1	74.444	270	69	0	1	270	147906	148715	4.53e-119	381	87.04	0/3
MinD	NZ_CP049134.1	72.119	269	75	0	1	269	2398797	2397991	4.54e-119	381	87.36	0/-1
MinD	NZ_VMDW02000068.1	73.704	270	71	0	1	270	96748	95939	4.56e-119	381	85.56	0/-1
MinD	NZ_KB908036.1	74.170	271	69	1	1	270	32386	31574	4.75e-119	380	86.72	0/-1
MinD	NZ_CABKVG010000006.1	74.908	271	67	1	1	270	185090	185902	4.76e-119	380	85.98	0/2
MinD	NZ_CP011503.1	72.862	269	73	0	1	269	2282563	2283369	4.76e-119	380	86.25	0/1
MinD	NZ_CP013398.1	72.862	269	73	0	1	269	1009146	1009952	4.95e-119	380	86.62	0/3
MinD	NZ_CP013450.1	72.862	269	73	0	1	269	1013049	1013855	4.95e-119	380	86.62	0/3
MinD	NZ_SMLL01000006.1	72.222	270	75	0	1	270	245620	244811	5.09e-119	380	86.67	0/-2
MinD	NZ_CP028901.1	74.444	270	69	0	1	270	3994792	3993983	5.20e-119	380	85.19	0/-2
MinD	NZ_CADIJQ010000007.1	74.815	270	68	0	1	270	230442	229633	5.34e-119	380	86.30	0/-3
MinD	NZ_UGSB01000001.1	74.444	270	69	0	1	270	789448	790257	5.84e-119	380	83.70	0/1
MinD	NZ_BCYO01000012.1	73.432	271	71	1	1	270	105143	105955	6.22e-119	380	86.72	0/2
MinD	NZ_UFQC01000002.1	74.444	270	69	0	1	270	71884	72693	6.23e-119	380	87.04	0/1
MinD	NZ_CP053986.1	74.074	270	70	0	1	270	6052792	6051983	7.08e-119	380	87.04	0/-2
MinD	NZ_CP019038.1	74.074	270	70	0	1	270	4114646	4113837	7.72e-119	380	84.44	0/-3
MinD	NZ_AXAN01000007.1	72.119	269	75	0	1	269	157459	158265	8.74e-119	380	87.36	0/1
MinD	NZ_BKDH01000004.1	71.375	269	77	0	1	269	111273	112079	8.83e-119	380	87.36	0/3
MinD	NZ_UGJL01000001.1	74.444	270	68	1	1	270	2116768	2117574	8.93e-119	380	86.30	0/1
MinD	NZ_LOWI01000023.1	72.491	269	74	0	1	269	48147	48953	8.94e-119	380	86.62	0/3
MinD	NZ_FMYQ01000005.1	72.119	269	75	0	1	269	9035	8229	9.17e-119	380	87.36	0/-1
MinD	NZ_LION01000008.1	74.074	270	70	0	1	270	5457	4648	9.40e-119	380	85.56	0/-2
MinD	NZ_SMDA01000001.1	74.074	270	70	0	1	270	174721	173912	9.45e-119	380	85.56	0/-3
MinD	NZ_CP051461.1	73.063	271	72	1	1	270	7990	7178	9.65e-119	380	86.72	0/-2
MinD	NC_007651.1	72.862	269	73	0	1	269	1771472	1772278	1.05e-118	380	86.62	0/2
MinD	NZ_CADIKG010000016.1	72.491	269	74	0	1	269	166124	165318	1.17e-118	379	86.62	0/-3
MinD	NZ_QPJU01000015.1	72.963	270	73	0	1	270	33509	34318	1.19e-118	379	84.81	0/2
MinD	NZ_HG426962.1	74.444	270	68	1	1	270	1079966	1079160	1.22e-118	379	86.30	0/-2
MinD	NZ_WHNP01000017.1	72.491	269	74	0	1	269	33031	33837	1.22e-118	379	86.99	0/1
MinD	NZ_CADIKL010000009.1	72.119	269	75	0	1	269	148388	149194	1.23e-118	379	87.36	0/2
MinD	NZ_JTDB02000003.1	72.119	269	75	0	1	269	420121	420927	1.23e-118	379	87.36	0/1
MinD	NZ_CP029640.1	72.119	269	75	0	1	269	2250086	2249280	1.23e-118	379	87.36	0/-1
MinD	NC_005085.1	72.963	270	73	0	1	270	3671422	3672231	1.25e-118	379	85.93	0/1
MinD	NZ_CP059564.1	73.801	271	69	2	1	270	2304952	2305761	1.31e-118	379	87.45	0/1
MinD	NZ_CABVLY010000020.1	72.862	269	73	0	1	269	136298	137104	1.32e-118	379	86.25	0/2
MinD	NZ_AZUP01000001.1	74.444	270	69	0	1	270	639015	638206	1.35e-118	379	83.33	0/-3
MinD	NZ_CP043146.1	73.704	270	71	0	1	270	1139210	1138401	1.41e-118	379	86.67	0/-1
MinD	NZ_CP043146.1	72.398	221	61	0	50	270	3202899	3203561	1.98e-101	330	85.97	0/3
MinD	NZ_CP043575.1	72.491	269	74	0	1	269	485805	484999	1.53e-118	379	85.13	0/-2
MinD	NZ_CYGY02000064.1	72.119	269	75	0	1	269	33723	34529	1.62e-118	379	86.62	0/3
MinD	NZ_CP016440.1	74.074	270	70	0	1	270	3708757	3709566	1.76e-118	379	87.04	0/1
MinD	NC_008752.1	71.111	270	78	0	1	270	137089	137898	1.76e-118	379	86.67	0/1
MinD	NC_008752.1	33.533	167	106	3	2	166	3334457	3334948	1.00e-08	62.4	58.08	0/2
MinD	NZ_JACOFV010000012.1	74.444	270	69	0	1	270	119653	118844	1.77e-118	379	84.44	0/-2
MinD	NZ_BCUU01000059.1	72.491	269	74	0	2	270	31499	30693	1.78e-118	379	86.99	0/-1
MinD	NZ_QEOB01000006.1	71.747	269	76	0	1	269	343852	343046	1.79e-118	379	87.36	0/-2
MinD	NZ_QJKC01000008.1	72.593	270	74	0	1	270	31901	32710	1.80e-118	379	86.67	0/2
MinD	NZ_BCUG01000061.1	72.400	250	69	0	21	270	10032	9283	1.92e-118	379	84.40	0/-3
MinD	NZ_CADIJX010000013.1	74.444	270	69	0	1	270	50128	50937	2.12e-118	379	86.30	0/1
MinD	NZ_CP014844.1	72.862	269	73	0	1	269	369661	368855	2.37e-118	379	85.13	0/-1
MinD	NZ_JAAAPN010000004.1	72.222	270	75	0	1	270	236962	237771	2.48e-118	379	85.93	0/1
MinD	NZ_CP059569.1	74.908	271	66	2	1	270	179988	180797	2.56e-118	379	86.72	0/3
MinD	NZ_BBJH01000004.1	71.747	269	76	0	1	269	78076	78882	2.61e-118	379	87.36	0/1
MinD	NZ_QJSQ01000007.1	71.747	269	76	0	1	269	219007	218201	2.61e-118	379	87.36	0/-1
MinD	NZ_PUIP01000009.1	74.074	270	70	0	1	270	215920	216729	2.66e-118	379	84.81	0/1
MinD	NZ_CP064338.1	72.593	270	74	0	1	270	97403	98212	2.71e-118	379	86.30	0/2
MinD	NZ_CP064338.1	31.579	152	95	5	21	168	2988076	2987636	2.20e-09	64.3	53.95	0/-3
MinD	NZ_CP016172.1	72.963	270	73	0	1	270	4714776	4715585	2.90e-118	379	86.67	0/3
MinD	NZ_SMOD01000023.1	71.747	269	76	0	1	269	92561	93367	3.04e-118	378	87.36	0/2
MinD	NZ_JAFA01000013.1	71.747	269	76	0	1	269	20796	19990	3.04e-118	378	87.36	0/-3
MinD	NZ_KL448323.1	72.593	270	74	0	1	270	3338468	3339277	3.20e-118	378	86.30	0/2
MinD	NZ_VZOW01000021.1	73.234	269	71	1	1	269	81191	80388	3.43e-118	378	86.25	0/-2
MinD	NZ_BAYA01000009.1	71.747	269	76	0	1	269	271453	270647	3.48e-118	378	87.36	0/-3
MinD	NZ_JTDO01000015.1	75.277	271	65	2	1	270	49106	48297	3.77e-118	378	86.35	0/-1
MinD	NZ_MKCR01000008.1	73.333	270	72	0	1	270	6119	5310	3.79e-118	378	85.19	0/-2
MinD	NZ_SMAH01000013.1	71.852	270	76	0	1	270	32373	33182	4.05e-118	378	85.56	0/3
MinD	NZ_BMYT01000008.1	73.704	270	71	0	1	270	109780	108971	4.17e-118	378	85.19	0/-1
MinD	NZ_CP021395.1	73.704	270	71	0	1	270	736032	736841	4.27e-118	378	87.04	0/3
MinD	NZ_JACOFT010000005.1	74.074	270	70	0	1	270	319249	318440	4.48e-118	378	84.44	0/-1
MinD	NZ_FOUF01000030.1	75.556	270	64	2	1	270	23275	24078	4.55e-118	378	87.41	0/1
MinD	NZ_CP019240.1	71.852	270	76	0	1	270	256831	257640	4.94e-118	378	85.19	0/1
MinD	NZ_CP019240.1	29.530	149	98	4	21	166	2898957	2899391	4.04e-09	63.5	53.69	0/3
MinD	NZ_JACHKZ010000002.1	72.491	269	74	0	1	269	241803	240997	5.23e-118	378	86.25	0/-1
MinD	NZ_JACOFW010000002.1	73.704	270	71	0	1	270	284028	283219	5.81e-118	377	85.19	0/-3
MinD	NZ_QQOA01000004.1	72.119	269	75	0	1	269	93452	92646	6.10e-118	377	86.25	0/-1
MinD	NZ_JACCEU010000003.1	73.704	270	71	0	1	270	165782	164973	6.17e-118	377	85.93	0/-2
MinD	NZ_CADIJU010000006.1	74.074	270	70	0	1	270	228834	228025	6.98e-118	377	86.30	0/-2
MinD	NZ_BMIG01000002.1	71.852	270	76	0	1	270	317511	316702	7.20e-118	377	85.93	0/-2
MinD	NZ_PVUA01000007.1	71.375	269	77	0	1	269	24608	23802	7.55e-118	377	87.36	0/-3
MinD	NZ_BMYU01000011.1	73.704	270	71	0	1	270	31087	31896	7.60e-118	377	84.44	0/1
MinD	NZ_VJOO01000018.1	72.119	269	75	0	1	269	19982	20788	7.86e-118	377	85.87	0/2
MinD	NZ_CP017707.1	72.222	270	75	0	1	270	1661650	1662459	8.17e-118	377	85.56	0/1
MinD	NZ_SLXE01000025.1	74.170	271	68	2	1	270	35956	36765	8.29e-118	377	87.45	0/1
MinD	NZ_QKWJ01000013.1	72.491	269	74	0	1	269	4263	3457	8.54e-118	377	85.50	0/-2
MinD	NZ_CADIKD010000016.1	72.119	269	75	0	1	269	67901	67095	8.71e-118	377	86.25	0/-2
MinD	NZ_LQQU01000023.1	72.963	270	73	0	1	270	161982	161173	8.80e-118	377	84.81	0/-2
MinD	NZ_SGXC01000001.1	74.074	270	70	0	1	270	2287003	2286194	8.82e-118	377	86.30	0/-3
MinD	NZ_QVLS01000006.1	71.481	270	77	0	1	270	240214	241023	8.98e-118	377	85.93	0/1
MinD	NZ_CP039287.1	72.862	269	73	0	1	269	99230	98424	9.08e-118	377	85.13	0/-3
MinD	NZ_CP054626.1	73.234	269	71	1	1	269	3458902	3458099	9.53e-118	377	85.13	0/-2
MinD	NZ_JABXYJ010000001.1	74.074	270	70	0	1	270	36979	37788	9.62e-118	377	84.81	0/1
MinD	NZ_PRDW01000001.1	71.375	269	77	0	1	269	128390	129196	9.89e-118	377	87.36	0/2
MinD	NZ_JACOFU010000012.1	73.333	270	72	0	1	270	21361	22170	1.00e-117	377	84.81	0/1
MinD	NZ_CP047650.1	71.747	269	76	0	1	269	2932899	2933705	1.02e-117	377	85.13	0/3
MinD	NZ_CP047650.1	30.000	150	100	3	21	168	5187538	5187098	3.44e-10	66.6	52.67	0/-2
MinD	NZ_FNJL01000026.1	71.111	270	78	0	1	270	40369	39560	1.21e-117	377	86.30	0/-3
MinD	NZ_VMYE01000002.1	72.222	270	75	0	1	270	61253	60444	1.22e-117	377	84.44	0/-1
MinD	NZ_LT984806.1	72.491	269	74	0	1	269	68951	68145	1.23e-117	377	85.13	0/-2
MinD	NZ_SNXW01000002.1	72.222	270	75	0	1	270	233919	234728	1.24e-117	377	84.81	0/3
MinD	NZ_JACBYU010000001.1	72.491	269	74	0	1	269	325767	324961	1.24e-117	377	85.50	0/-3
MinD	NZ_AUCQ01000003.1	72.593	270	74	0	1	270	258297	257488	1.32e-117	377	85.56	0/-1
MinD	NZ_VJNA01000036.1	71.481	270	77	0	1	270	18136	17327	1.38e-117	376	85.56	0/-1
MinD	NZ_JMKU01000021.1	70.370	270	80	0	1	270	45062	45871	1.47e-117	376	86.30	0/2
MinD	NC_004757.1	75.556	270	64	2	1	270	1976868	1976065	1.55e-117	376	86.30	0/-3
MinD	NZ_CP011568.3	71.852	270	76	0	1	270	2140078	2140887	1.64e-117	376	84.07	0/1
MinD	NZ_VJZF01000001.1	71.747	269	76	0	1	269	4109842	4110648	1.69e-117	376	86.25	0/1
MinD	NZ_BAXZ01000010.1	71.004	269	78	0	1	269	231214	230408	1.82e-117	376	86.62	0/-2
MinD	NC_010622.1	72.119	269	75	0	1	269	742417	743223	1.84e-117	376	86.25	0/1
MinD	NZ_LJGO01000100.1	70.370	270	80	0	1	270	162073	162882	1.89e-117	376	85.93	0/1
MinD	NZ_PNYC01000005.1	72.119	269	75	0	1	269	256427	257233	1.93e-117	376	85.87	0/2
MinD	NZ_FCOX02000003.1	71.375	269	77	0	1	269	43325	44131	2.02e-117	376	86.62	0/2
MinD	NZ_UWPJ01000017.1	72.222	270	75	0	1	270	301650	300841	2.34e-117	376	85.93	0/-2
MinD	NZ_AUAP01000023.1	73.704	270	69	2	1	269	22807	23613	2.41e-117	376	87.04	0/1
MinD	NZ_MTJN01000002.1	71.747	269	76	0	1	269	2238269	2237463	2.60e-117	375	85.13	0/-3
MinD	NZ_MTJN01000002.1	27.703	148	102	3	21	166	721829	722263	2.26e-08	61.2	52.70	0/2
MinD	NZ_VJNB01000006.1	71.481	270	77	0	1	270	74388	75197	2.78e-117	375	86.30	0/3
MinD	NZ_ARWH01000001.1	73.704	270	71	0	1	270	1502183	1502992	2.79e-117	375	82.96	0/2
MinD	NZ_AUHR01000016.1	73.333	270	71	1	1	270	11472	10666	2.79e-117	375	86.30	0/-3
MinD	NZ_PNYA01000012.1	71.747	269	76	0	1	269	62680	63486	2.86e-117	375	86.25	0/1
MinD	NZ_NOIH01000007.1	72.000	250	70	0	21	270	204809	204060	2.98e-117	375	83.60	0/-1
MinD	NZ_FOMQ01000005.1	70.370	270	80	0	1	270	243849	243040	3.13e-117	375	86.30	0/-1
MinD	NZ_CP018845.1	74.074	270	70	0	1	270	4323956	4323147	3.16e-117	375	83.33	0/-1
MinD	NZ_QXMG01000049.1	72.491	269	74	0	2	270	40260	41066	3.18e-117	375	85.50	0/3
MinD	NZ_AP019755.1	74.815	270	66	2	1	270	1926816	1927619	3.22e-117	375	86.67	0/3
MinD	NZ_VLTJ01000041.1	72.593	270	74	0	1	270	32001	32810	3.43e-117	375	85.56	0/3
MinD	NZ_JFHE01000003.1	71.747	269	76	0	1	269	95334	96140	3.48e-117	375	86.25	0/3
MinD	NC_010528.1	72.119	269	75	0	1	269	45354	44548	3.48e-117	375	85.13	0/-2
MinD	NZ_VCIZ01000022.1	72.491	269	74	0	1	269	74937	75743	3.52e-117	375	84.76	0/3
MinD	NZ_PPPS01000103.1	72.491	269	74	0	1	269	38711	39517	3.56e-117	375	84.76	0/2
MinD	NZ_FCNV02000001.1	71.747	269	76	0	1	269	957244	958050	3.69e-117	375	86.25	0/1
MinD	NC_014722.1	71.004	269	78	0	1	269	617389	618195	3.83e-117	375	86.62	0/1
MinD	NZ_NWBQ01000022.1	72.222	270	75	0	1	270	3251	4060	3.87e-117	375	85.56	0/2
MinD	NZ_BBJX01000002.1	72.491	269	74	0	1	269	127438	126632	4.02e-117	375	86.25	0/-2
MinD	NZ_PQSP01000002.1	72.119	269	75	0	1	269	217517	216711	4.30e-117	375	86.25	0/-1
MinD	NZ_ANSK01000005.1	71.375	269	77	0	1	269	106625	107431	4.39e-117	375	86.62	0/2
MinD	NZ_CP017476.1	71.375	269	77	0	1	269	58509	57703	4.48e-117	375	85.87	0/-1
MinD	NZ_FONX01000002.1	71.111	270	78	0	1	270	339439	340248	4.88e-117	375	85.19	0/1
MinD	NZ_CP014646.1	72.000	250	70	0	21	270	940290	939541	5.03e-117	375	83.20	0/-3
MinD	NZ_LFRI01000100.1	71.481	270	77	0	1	270	47924	47115	5.05e-117	375	85.56	0/-2
MinD	NZ_CP034464.1	73.333	270	72	0	1	270	2825405	2824596	5.27e-117	375	84.07	0/-1
MinD	NZ_CP019236.1	71.481	270	77	0	1	270	1396168	1396977	5.33e-117	375	85.19	0/1
MinD	NZ_CP019236.1	31.081	148	97	3	21	166	1759748	1759314	2.64e-12	73.2	56.76	0/-2
MinD	NZ_JACHWG010000008.1	72.119	269	75	0	1	269	213574	212768	5.42e-117	375	84.76	0/-3
MinD	NZ_CP031252.1	74.170	271	68	2	1	270	1368670	1367861	5.59e-117	375	86.72	0/-3
MinD	NZ_FYAX01000020.1	72.491	269	73	1	1	269	325476	324673	5.64e-117	375	85.50	0/-2
MinD	NZ_QRBZ01000025.1	75.185	270	65	2	1	270	22598	23401	5.88e-117	375	87.78	0/2
MinD	NZ_STFG01000001.1	72.963	270	73	0	1	270	245218	246027	6.09e-117	375	84.81	0/1
MinD	NZ_AP019312.1	72.593	270	74	0	1	270	3694972	3695781	6.59e-117	374	85.56	0/1
MinD	NZ_WTVR01000029.1	70.800	250	73	0	21	270	11965	12714	6.85e-117	374	83.60	0/1
MinD	NZ_QJKB01000019.1	73.704	270	71	0	1	270	19563	18754	7.26e-117	374	84.07	0/-2
MinD	NZ_BMYK01000003.1	71.747	269	76	0	1	269	263816	264622	7.39e-117	374	85.87	0/2
MinD	NZ_BAYB01000015.1	71.004	269	78	0	1	269	7557	8363	7.52e-117	374	86.25	0/3
MinD	NZ_CP043473.1	71.852	270	76	0	1	270	2428545	2429354	7.76e-117	374	85.56	0/3
MinD	NZ_JZUE01000007.1	71.852	270	76	0	1	270	133728	134537	7.98e-117	374	85.56	0/3
MinD	NZ_BMED01000004.1	72.963	270	73	0	1	270	490527	489718	7.98e-117	374	84.44	0/-1
MinD	NZ_FCNZ02000009.1	71.375	269	77	0	1	269	26807	26001	8.05e-117	374	86.62	0/-1
MinD	NZ_QJJS01000003.1	72.222	270	75	0	1	270	28529	29338	8.29e-117	374	84.07	0/2
MinD	NZ_JAAOCD010000008.1	72.222	270	75	0	1	270	78834	79643	8.36e-117	374	85.19	0/3
MinD	NZ_CP032519.1	71.747	269	76	0	1	269	67049	66243	8.39e-117	374	84.76	0/-2
MinD	NZ_FNSR01000001.1	71.747	269	76	0	1	269	1210194	1211000	9.51e-117	374	86.62	0/3
MinD	NZ_VOQS01000001.1	71.747	269	76	0	1	269	1709560	1708754	9.60e-117	374	85.87	0/-3
MinD	NZ_KB889967.1	73.333	270	72	0	1	270	1375085	1375894	9.89e-117	374	82.59	0/2
MinD	NZ_NJGV01000008.1	73.333	270	72	0	1	270	74546	75355	1.01e-116	374	83.70	0/2
MinD	NZ_CP037993.1	73.333	270	72	0	1	270	4931615	4932424	1.01e-116	374	83.70	0/2
MinD	NZ_VJND01000005.1	72.119	269	75	0	1	269	25551	24745	1.03e-116	374	85.50	0/-3
MinD	NZ_AQXU01000024.1	71.111	270	78	0	1	270	292295	291486	1.12e-116	374	85.19	0/-2
MinD	NZ_CP035503.1	71.111	270	78	0	1	270	4371817	4372626	1.17e-116	374	86.67	0/1
MinD	NZ_JHYR01000015.1	72.000	250	70	0	21	270	96871	96122	1.21e-116	374	83.20	0/-2
MinD	NZ_RBZU01000003.1	71.852	270	76	0	1	270	372470	371661	1.23e-116	374	85.19	0/-1
MinD	NZ_FNNM01000001.1	74.815	270	66	2	1	270	12089	12892	1.28e-116	374	85.93	0/2
MinD	NZ_JACHBX010000002.1	72.222	270	75	0	1	270	659145	659954	1.35e-116	374	84.44	0/3
MinD	NC_008781.1	71.481	270	77	0	1	270	7735	6926	1.46e-116	374	85.93	0/-3
MinD	NZ_LT907988.1	73.704	270	71	0	1	270	3528494	3529303	1.47e-116	374	85.56	0/2
MinD	NZ_CADIKB010000004.1	71.747	269	76	0	1	269	14800	15606	1.50e-116	374	86.25	0/1
MinD	NZ_CP013341.1	75.556	270	64	2	1	270	959151	958348	1.51e-116	374	86.67	0/-3
MinD	NZ_JRYB01000001.1	72.593	270	74	0	1	270	1573965	1574774	1.57e-116	374	83.70	0/3
MinD	NZ_CP029343.1	72.593	270	74	0	1	270	2911370	2912179	1.63e-116	374	83.70	0/2
MinD	NZ_LRBG01000005.1	71.375	269	77	0	1	269	259218	258412	1.66e-116	373	86.25	0/-1
MinD	NZ_FPBX01000068.1	71.481	270	77	0	1	270	9037	8228	1.73e-116	373	84.44	0/-1
MinD	NZ_CP024645.1	71.111	270	78	0	1	270	141127	141936	1.75e-116	373	85.56	0/1
MinD	NZ_CP024645.1	35.119	168	104	3	2	167	4843041	4842547	2.78e-08	60.8	58.93	0/-1
MinD	NZ_OGTP01000010.1	71.375	269	77	0	1	269	191663	190857	1.78e-116	373	85.50	0/-3
MinD	NZ_CP011930.1	72.963	270	73	0	1	270	4882352	4883161	1.82e-116	373	83.70	0/2
MinD	NZ_JAALDK010000001.1	71.375	269	77	0	1	269	5581549	5580743	1.84e-116	373	86.25	0/-2
MinD	NZ_CP016171.1	71.852	270	76	0	1	270	1200838	1200029	1.91e-116	373	86.30	0/-3
MinD	NZ_SORE01000013.1	71.004	269	78	0	1	269	123159	122353	2.24e-116	373	86.25	0/-3
MinD	NZ_FCOI02000001.1	71.004	269	78	0	1	269	178097	178903	2.27e-116	373	86.25	0/2
MinD	NC_010645.1	72.963	270	73	0	1	270	3018854	3019663	2.29e-116	373	86.30	0/2
MinD	NZ_FCNY02000018.1	71.004	269	78	0	1	269	93869	94675	2.31e-116	373	86.25	0/2
MinD	NZ_JACHDF010000003.1	71.375	269	77	0	1	269	396237	397043	2.67e-116	373	86.25	0/3
MinD	NZ_CP017561.1	71.375	269	77	0	1	269	2022723	2021917	2.73e-116	373	85.87	0/-1
MinD	NZ_BCNT01000004.1	71.111	270	78	0	1	270	251660	252469	2.78e-116	373	84.81	0/2
MinD	NZ_PUGF01000003.1	73.606	269	71	0	1	269	38149	38955	2.94e-116	373	84.01	0/1
MinD	NZ_AXWS01000014.1	71.852	270	76	0	1	270	98345	97536	2.94e-116	373	85.93	0/-2
MinD	NZ_CADIKF010000046.1	71.004	269	78	0	1	269	56283	55477	2.98e-116	373	86.25	0/-2
MinD	NZ_BMCG01000006.1	72.593	270	74	0	1	270	44751	43942	3.06e-116	372	84.07	0/-3
MinD	NZ_JHVK01000019.1	72.593	270	74	0	1	270	52600	51791	3.13e-116	372	84.44	0/-3
MinD	NZ_CP062803.1	72.119	269	75	0	1	269	157042	156236	3.25e-116	372	84.76	0/-2
MinD	NZ_CADFFU010000009.1	71.004	269	78	0	1	269	63734	64540	3.47e-116	372	86.25	0/2
MinD	NZ_FOQU01000003.1	70.632	269	79	0	1	269	546855	547661	3.64e-116	372	86.62	0/3
MinD	NC_007298.1	70.000	250	75	0	21	270	321417	322166	3.68e-116	372	84.00	0/3
MinD	NZ_FNCJ01000004.1	71.375	269	77	0	1	269	414956	414150	3.86e-116	372	85.87	0/-3
MinD	NZ_QLTK01000004.1	71.375	269	77	0	1	269	285945	285139	3.89e-116	372	85.87	0/-1
MinD	NZ_CP031337.1	72.222	270	75	0	1	270	312616	313425	4.01e-116	372	84.44	0/1
MinD	NZ_SMYL01000006.1	73.234	269	72	0	1	269	105696	106502	4.12e-116	372	83.64	0/3
MinD	NZ_WTVM01000072.1	71.600	250	71	0	21	270	4761	5510	4.34e-116	372	84.00	0/3
MinD	NZ_CP059563.1	73.333	270	70	2	1	269	1982552	1981746	4.46e-116	372	86.67	0/-2
MinD	NZ_SMLM01000001.1	70.370	270	80	0	1	270	343783	342974	4.55e-116	372	86.30	0/-1
MinD	NZ_FCNW02000001.1	71.004	269	78	0	1	269	81428	80622	5.01e-116	372	85.87	0/-2
MinD	NZ_FXAT01000004.1	71.375	269	77	0	1	269	491405	492211	5.01e-116	372	86.25	0/2
MinD	NZ_SNYL01000003.1	71.375	269	77	0	1	269	244535	243729	5.15e-116	372	85.50	0/-3
MinD	NZ_SNYL01000003.1	31.081	148	97	3	21	166	18530	18096	7.38e-10	65.9	54.73	0/-3
MinD	NZ_FOVE01000017.1	73.704	270	70	1	1	270	14611	13805	5.18e-116	372	84.44	0/-3
MinD	NZ_FMZC01000009.1	70.000	270	81	0	1	270	33062	33871	5.20e-116	372	85.19	0/2
MinD	NZ_BMDP01000001.1	72.222	270	75	0	1	270	517414	518223	5.21e-116	372	84.07	0/1
MinD	NZ_KB906255.1	70.000	270	81	0	1	270	109886	109077	5.31e-116	372	85.19	0/-1
MinD	NZ_UGSE01000002.1	73.333	270	72	0	1	270	1996903	1997712	5.80e-116	372	84.07	0/1
MinD	NZ_CADEPJ010000129.1	71.111	270	77	1	1	270	13319	12513	5.89e-116	372	84.81	0/-1
MinD	NZ_CP015958.1	71.375	269	77	0	1	269	1219295	1218489	5.91e-116	372	85.87	0/-3
MinD	NZ_LFLS01000028.1	72.222	270	75	0	1	270	81059	80250	5.98e-116	372	85.19	0/-3
MinD	NZ_CADIKI010000003.1	71.375	269	77	0	1	269	119505	118699	6.02e-116	372	85.87	0/-3
MinD	NZ_FNKX01000001.1	71.375	269	77	0	1	269	2485044	2485850	6.02e-116	372	86.25	0/3
MinD	NZ_BCTJ01000019.1	71.481	270	77	0	1	270	83115	82306	6.10e-116	372	84.44	0/-1
MinD	NZ_LR778301.1	72.222	270	75	0	1	270	2999332	2998523	6.14e-116	372	84.07	0/-3
MinD	NZ_CP022989.1	71.375	269	77	0	1	269	211576	210770	6.26e-116	372	85.87	0/-1
MinD	NZ_CP021455.1	71.481	270	77	0	1	270	4508137	4507328	6.32e-116	372	85.19	0/-2
MinD	NZ_QPJK01000002.1	71.004	269	78	0	1	269	558713	559519	6.89e-116	372	85.87	0/2
MinD	NZ_FCOL02000004.1	71.004	269	78	0	1	269	136255	135449	7.02e-116	372	85.87	0/-1
MinD	NZ_LFLU01000002.1	72.593	270	74	0	1	270	315099	314290	7.66e-116	372	84.44	0/-1
MinD	NZ_QAAE01000002.1	73.704	270	69	2	1	270	133308	134111	7.81e-116	371	86.30	0/3
MinD	NZ_LROM01000134.1	73.234	269	72	0	1	269	71182	71988	7.91e-116	371	83.64	0/1
MinD	NZ_VJWE01000011.1	71.004	269	78	0	1	269	924083	923277	8.29e-116	371	85.13	0/-2
MinD	NZ_VIWD01000003.1	72.593	270	74	0	1	270	467373	468182	8.52e-116	371	84.07	0/3
MinD	NZ_CP043046.1	72.593	270	74	0	1	270	5208750	5209559	8.53e-116	371	86.30	0/3
MinD	NZ_OCSU01000002.1	70.632	269	79	0	1	269	2488092	2487286	8.78e-116	371	86.62	0/-2
MinD	NZ_KI912532.1	72.222	270	75	0	1	270	604149	604958	1.02e-115	371	83.33	0/3
MinD	NZ_BMYX01000001.1	71.111	270	78	0	1	270	125349	124540	1.03e-115	371	85.19	0/-1
MinD	NZ_PSNX01000002.1	71.481	270	77	0	1	270	228104	227295	1.04e-115	371	84.07	0/-3
MinD	NZ_KE384356.1	72.963	270	73	0	1	270	250771	251580	1.04e-115	371	83.33	0/1
MinD	NZ_SHKM01000001.1	73.881	268	70	0	3	270	1612182	1612985	1.12e-115	371	82.84	0/3
MinD	NZ_CABPRZ010000002.1	71.747	269	76	0	1	269	345861	345055	1.20e-115	371	84.76	0/-2
MinD	NZ_BCWR01000006.1	70.632	269	79	0	1	269	353485	354291	1.20e-115	371	84.39	0/1
MinD	NZ_KB911034.1	71.375	269	77	0	1	269	200585	201391	1.21e-115	371	85.50	0/2
MinD	NZ_CP040709.1	72.119	269	75	0	1	269	2200942	2200136	1.22e-115	371	85.87	0/-2
MinD	NZ_CP040709.1	30.263	152	101	3	21	170	1701685	1702131	2.79e-10	67.0	53.95	0/1
MinD	NZ_JADZ01000006.1	70.000	270	81	0	1	270	328734	329543	1.29e-115	371	85.19	0/3
MinD	NC_007951.1	71.375	269	77	0	1	269	1148609	1149415	1.29e-115	371	85.87	0/2
MinD	NZ_QLTA01000001.1	70.000	270	81	0	1	270	212477	211668	1.30e-115	371	85.93	0/-1
MinD	NZ_FCOK02000001.1	70.632	269	79	0	1	269	33274	32468	1.30e-115	371	86.25	0/-2
MinD	NZ_CP026111.1	71.004	269	78	0	1	269	773557	774363	1.33e-115	371	85.87	0/1
MinD	NZ_AUGX01000032.1	71.111	270	78	0	1	270	67016	67825	1.33e-115	371	84.81	0/2
MinD	NZ_CYGX02000095.1	71.375	269	77	0	1	269	50954	50148	1.34e-115	371	85.50	0/-2
MinD	NZ_KN046795.1	70.741	270	78	1	1	270	6226763	6227569	1.37e-115	371	85.19	0/2
MinD	NZ_KN046795.1	26.000	150	106	3	21	168	3736548	3736988	8.21e-07	56.6	52.00	0/3
MinD	NZ_CP028339.1	72.000	250	70	0	21	270	1904890	1904141	1.38e-115	371	83.20	0/-2
MinD	NZ_AEJF01000184.1	71.004	269	78	0	1	269	42185	42991	1.42e-115	370	86.25	0/2
MinD	NZ_KB899495.1	71.200	250	72	0	21	270	354578	355327	1.44e-115	370	83.60	0/2
MinD	NZ_CP009238.1	71.481	270	77	0	1	270	344921	344112	1.45e-115	370	85.93	0/-2
MinD	NZ_BCTG01000065.1	72.963	270	73	0	1	270	1638	2447	1.45e-115	370	82.96	0/3
MinD	NZ_FCOJ02000014.1	70.632	269	79	0	1	269	111781	110975	1.53e-115	370	86.25	0/-1
MinD	NZ_FCOA02000003.1	70.632	269	79	0	1	269	425139	424333	1.61e-115	370	86.25	0/-2
MinD	NZ_CP017420.1	70.370	270	79	1	1	270	4793877	4794683	1.63e-115	370	85.19	0/3
MinD	NZ_CP017420.1	26.667	150	105	3	21	168	1364194	1364634	3.17e-07	57.8	52.00	0/1
MinD	NZ_CP060714.1	71.747	269	76	0	1	269	4439265	4438459	1.65e-115	370	85.13	0/-2
MinD	NZ_NESN01000002.1	71.852	270	76	0	1	270	484257	483448	1.73e-115	370	83.70	0/-2
MinD	NZ_FCOF02000020.1	70.260	269	80	0	1	269	106920	107726	1.74e-115	370	86.25	0/3
MinD	NZ_BBJF01000011.1	71.375	269	77	0	1	269	255213	254407	1.74e-115	370	85.87	0/-2
MinD	NZ_PVZM01000008.1	71.004	269	78	0	1	269	81992	82798	1.74e-115	370	85.87	0/2
MinD	NZ_FCOM02000002.1	70.260	269	80	0	1	269	174130	174936	1.74e-115	370	86.25	0/1
MinD	NZ_CP031467.1	71.004	269	78	0	1	269	3029595	3030401	1.74e-115	370	85.87	0/3
MinD	NZ_NBSN01000003.1	71.004	269	78	0	1	269	180853	181659	1.74e-115	370	85.87	0/1
MinD	NC_016043.1	70.000	270	81	0	1	270	1355709	1356518	1.85e-115	370	85.56	0/3
MinD	NZ_UFSO01000002.1	73.063	271	71	2	1	270	108524	109333	1.87e-115	370	85.98	0/2
MinD	NZ_FCOC02000011.1	70.632	269	79	0	1	269	190221	191027	1.97e-115	370	86.25	0/3
MinD	NZ_VIDT01000521.1	69.630	270	82	0	1	270	558	1367	2.02e-115	365	85.19	0/3
MinD	NZ_BMDI01000001.1	72.222	270	75	0	1	270	162106	161297	2.04e-115	370	83.70	0/-1
MinD	NZ_QHKS01000052.1	71.004	269	78	0	1	269	8324	7518	2.07e-115	370	85.50	0/-2
MinD	NZ_RJVL01000002.1	71.111	270	78	0	1	270	216924	216115	2.07e-115	370	84.44	0/-2
MinD	NZ_CP016278.1	71.111	270	78	0	1	270	3157261	3156452	2.08e-115	370	84.44	0/-2
MinD	NZ_CP016278.1	34.731	167	104	3	2	166	1352835	1353326	7.60e-10	65.9	56.89	0/3
MinD	NZ_CP016278.1	34.731	167	104	3	2	166	1349670	1350161	2.18e-09	64.3	56.89	0/3
MinD	NZ_CP024934.1	71.004	269	78	0	1	269	954399	955205	2.14e-115	370	85.87	0/3
MinD	NZ_CP013737.1	72.963	270	73	0	1	270	4919114	4919923	2.16e-115	370	82.96	0/2
MinD	NZ_WINI01000008.1	72.593	270	74	0	1	270	190303	191112	2.28e-115	370	82.96	0/1
MinD	NZ_LXJZ01000242.1	71.004	269	78	0	1	269	277220	276414	2.28e-115	370	85.50	0/-3
MinD	NZ_QPER01000001.1	71.004	269	78	0	1	269	3658692	3657886	2.31e-115	370	85.87	0/-2
MinD	NZ_BMXQ01000001.1	71.852	270	76	0	1	270	2488408	2489217	2.40e-115	370	85.93	0/1
MinD	NZ_SNVI01000001.1	71.375	269	77	0	1	269	1896077	1895271	2.54e-115	370	85.87	0/-3
MinD	NZ_MTAB01000006.1	73.801	271	69	2	1	270	29361	30170	2.55e-115	370	85.98	0/3
MinD	NZ_JABGBO010000006.1	71.111	270	78	0	1	270	84662	83853	2.63e-115	370	84.44	0/-1
MinD	NZ_VTTH01000001.1	72.222	270	75	0	1	270	490514	489705	2.69e-115	370	82.96	0/-3
MinD	NZ_CP029210.1	71.481	270	77	0	1	270	929031	928222	2.69e-115	370	84.44	0/-3
MinD	NZ_CP029210.1	27.517	149	101	4	21	166	3248174	3247740	3.22e-07	57.8	54.36	0/-1
MinD	NZ_CP049139.1	72.963	270	73	0	1	270	5020469	5021278	2.86e-115	370	82.96	0/2
MinD	NZ_CP065748.1	70.370	270	79	1	1	270	4753826	4754632	2.97e-115	370	85.19	0/2
MinD	NZ_CP065748.1	26.667	150	105	3	21	168	846339	845899	3.17e-07	57.8	52.00	0/-3
MinD	NZ_FCNX02000008.1	70.632	269	79	0	1	269	162930	163736	2.99e-115	370	85.87	0/3
MinD	NZ_CP017754.1	71.375	269	77	0	1	269	533215	532409	3.00e-115	370	84.39	0/-3
MinD	NZ_CP051298.1	71.111	270	78	0	1	270	96444	97253	3.03e-115	370	83.70	0/3
MinD	NZ_CP051298.1	33.533	167	106	3	2	166	2081822	2081331	1.49e-08	61.6	56.29	0/-3
MinD	NZ_FCOE02000059.1	70.632	269	79	0	1	269	26186	26992	3.04e-115	370	85.87	0/2
MinD	NZ_WNLA01000005.1	72.222	270	75	0	1	270	98212	97403	3.05e-115	370	82.96	0/-1
MinD	NC_021287.1	71.004	269	78	0	1	269	737775	738581	3.15e-115	370	85.87	0/3
MinD	NZ_FCOB02000008.1	70.260	269	80	0	1	269	70900	71706	3.29e-115	370	85.87	0/1
MinD	NZ_LT906434.1	73.432	271	70	2	1	270	282534	281725	3.37e-115	370	85.98	0/-3
MinD	NZ_WNKX01000010.1	72.963	270	73	0	1	270	31087	31896	3.42e-115	370	82.96	0/1
MinD	NZ_JABGBN010000001.1	71.111	270	78	0	1	270	478828	478019	3.46e-115	370	85.56	0/-1
MinD	NZ_WWCJ01000002.1	72.593	270	74	0	1	270	342958	342149	3.60e-115	370	83.33	0/-3
MinD	NZ_CP024941.1	71.004	269	78	0	1	269	905330	906136	3.74e-115	369	85.50	0/2
MinD	NZ_AWZT01000008.1	71.004	269	78	0	1	269	104719	105525	3.96e-115	369	85.50	0/1
MinD	NZ_WTVK01000004.1	70.800	250	73	0	21	270	92026	92775	4.23e-115	369	83.60	0/1
MinD	NZ_JACCDB010000008.1	71.004	269	78	0	1	269	16325	15519	4.27e-115	369	85.13	0/-2
MinD	NZ_CP027669.1	71.375	269	77	0	1	269	1461194	1460388	4.29e-115	369	84.39	0/-1
MinD	NZ_CP027669.1	27.536	138	95	3	31	166	3242508	3242104	1.41e-07	58.9	54.35	0/-3
MinD	NZ_WTVN01000001.1	70.800	250	73	0	21	270	337008	337757	4.36e-115	369	83.60	0/3
MinD	NZ_CP018839.1	70.800	250	73	0	21	270	2850244	2849495	4.37e-115	369	83.60	0/-2
MinD	NZ_AP018150.1	71.004	269	78	0	1	269	798735	797929	4.58e-115	369	84.01	0/-1
MinD	NZ_PVLR01000032.1	71.111	270	78	0	1	270	44486	43677	4.62e-115	369	84.44	0/-2
MinD	NZ_MKCS01000001.1	71.481	270	77	0	1	270	1417983	1417174	4.67e-115	369	85.19	0/-1
MinD	NZ_SLXD01000008.1	71.747	269	76	0	1	269	159808	160614	4.71e-115	369	84.39	0/1
MinD	NZ_CABPSK010000001.1	71.004	269	78	0	1	269	347640	348446	4.72e-115	369	84.39	0/3
MinD	NZ_FCON02000082.1	70.260	269	80	0	1	269	28093	27287	4.78e-115	369	85.50	0/-2
MinD	NZ_QXGR01000001.1	70.741	270	79	0	1	270	204746	203937	4.95e-115	369	84.07	0/-3
MinD	NZ_SDKK01000001.1	72.222	270	75	0	1	270	102904	102095	4.99e-115	369	83.70	0/-3
MinD	NZ_NESP01000001.1	70.000	270	81	0	1	270	611784	612593	5.00e-115	369	84.81	0/3
MinD	NZ_FPBH01000029.1	70.632	269	79	0	1	269	73038	72232	5.03e-115	369	85.50	0/-2
MinD	NZ_CADIKC010000007.1	70.632	269	79	0	1	269	211893	212699	5.04e-115	369	85.50	0/3
MinD	NZ_BJCL01000002.1	71.481	270	77	0	1	270	244601	243792	5.10e-115	369	83.70	0/-2
MinD	NZ_AUCH01000013.1	71.481	270	77	0	1	270	139280	140089	5.13e-115	369	84.81	0/2
MinD	NZ_CP033936.1	72.593	270	74	0	1	270	679298	678489	5.20e-115	369	86.30	0/-2
MinD	NZ_VFPV01000004.1	70.632	269	79	0	1	269	123321	124127	5.35e-115	369	84.39	0/3
MinD	NZ_CADIKK010000013.1	71.004	269	78	0	1	269	118736	117930	5.49e-115	369	85.13	0/-2
MinD	NZ_ATYR01000004.1	71.111	270	78	0	1	270	136336	137145	6.17e-115	369	83.70	0/1
MinD	NZ_FUZW01000002.1	70.632	269	79	0	1	269	3496281	3497087	6.25e-115	369	85.50	0/3
MinD	NC_010681.1	71.004	269	78	0	1	269	1190860	1191666	7.22e-115	369	85.87	0/1
MinD	NZ_VOSW01000009.1	70.632	269	79	0	1	269	10007	10813	7.33e-115	369	85.50	0/2
MinD	NZ_CADIKH010000020.1	70.632	269	79	0	1	269	13463	12657	7.34e-115	369	85.50	0/-2
MinD	NZ_VTOX01000004.1	71.004	269	78	0	1	269	154925	154119	7.72e-115	369	86.62	0/-2
MinD	NZ_JAAGAA010000003.1	71.004	269	78	0	1	269	226683	225877	7.86e-115	369	85.87	0/-3
MinD	NZ_CP027666.1	70.849	271	78	1	1	270	674038	674850	7.88e-115	369	85.61	0/1
MinD	NZ_CP019448.1	72.694	271	72	2	1	270	738479	737670	8.19e-115	369	85.61	0/-3
MinD	NZ_JACHHY010000014.1	74.274	241	62	0	30	270	87551	88273	8.31e-115	369	84.65	0/2
MinD	NZ_AUMO01000056.1	70.370	270	80	0	1	270	67430	66621	8.70e-115	369	84.07	0/-3
MinD	NZ_KB891316.1	71.200	250	72	0	21	270	538361	539110	9.02e-115	369	82.40	0/2
MinD	NZ_KB891316.1	28.378	148	101	3	21	166	152751	153185	3.09e-09	63.9	53.38	0/3
MinD	NZ_PDOB01000013.1	71.375	269	77	0	1	269	23223	24029	9.33e-115	368	83.27	0/3
MinD	NZ_PDOC01000001.1	71.375	269	77	0	1	269	416709	415903	9.37e-115	368	83.27	0/-2
MinD	NZ_QJTC01000013.1	69.517	269	82	0	1	269	50622	49816	9.42e-115	368	85.13	0/-1
MinD	NZ_QKOE01000009.1	71.200	250	72	0	21	270	126784	126035	9.71e-115	368	82.40	0/-2
MinD	NZ_FNRQ01000001.1	71.004	269	78	0	1	269	657247	658053	1.02e-114	368	86.25	0/1
MinD	NZ_FSRO01000001.1	73.704	270	69	2	1	270	123822	124625	1.02e-114	368	86.30	0/3
MinD	NZ_CP020046.1	70.741	270	79	0	1	270	600726	601535	1.04e-114	368	84.81	0/3
MinD	NZ_BGOW01000003.1	70.260	269	80	0	1	269	136711	137517	1.08e-114	368	84.39	0/1
MinD	NZ_QPES01000001.1	69.888	269	81	0	1	269	1003834	1004640	1.08e-114	368	85.50	0/1
MinD	NZ_FTMD01000015.1	70.400	250	74	0	21	270	54489	53740	1.10e-114	368	83.60	0/-1
MinD	NZ_RDQO01000003.1	71.111	270	78	0	1	270	172178	172987	1.10e-114	368	84.07	0/2
MinD	NC_006513.1	70.800	250	73	0	21	270	4057867	4058616	1.10e-114	368	84.00	0/1
MinD	NZ_AMXD01000177.1	71.200	250	72	0	21	270	5930	5181	1.13e-114	368	83.20	0/-3
MinD	NZ_MUHU01000025.1	70.741	270	79	0	1	270	75696	74887	1.14e-114	368	84.44	0/-2
MinD	NZ_CADFFX010000008.1	70.260	269	80	0	1	269	171077	171883	1.15e-114	368	85.50	0/2
MinD	NZ_CP029331.1	71.200	250	72	0	21	270	1776741	1777490	1.18e-114	368	82.00	0/3
MinD	NZ_QXNC01000003.1	71.481	270	77	0	1	270	11399	12208	1.20e-114	368	83.70	0/2
MinD	NZ_WTVG01000029.1	70.400	250	74	0	21	270	492	1241	1.21e-114	368	83.60	0/3
MinD	NZ_POSP01000004.1	71.111	270	78	0	1	270	114047	114856	1.23e-114	368	83.33	0/2
MinD	NZ_POSP01000004.1	28.743	167	105	5	30	194	294023	294487	3.55e-09	63.5	53.89	0/2
MinD	NZ_SSWX01000021.1	71.111	270	78	0	1	270	28352	27543	1.23e-114	368	84.81	0/-3
MinD	NZ_FOCW01000001.1	71.111	270	78	0	1	270	59398	58589	1.28e-114	368	83.70	0/-1
MinD	NZ_CADIJZ010000001.1	70.632	269	79	0	1	269	108477	107671	1.29e-114	368	85.50	0/-2
MinD	NZ_CP037867.1	71.375	269	77	0	1	269	111870	111064	1.31e-114	368	84.39	0/-3
MinD	NZ_PXWF02000262.1	70.370	270	80	0	1	270	15777	14968	1.32e-114	368	84.07	0/-2
MinD	NZ_FZOA01000001.1	72.593	270	72	2	1	270	185356	186159	1.35e-114	368	83.70	0/1
MinD	NZ_BMEU01000028.1	70.741	270	79	0	1	270	42851	42042	1.36e-114	368	84.07	0/-2
MinD	NZ_CP041730.1	72.222	270	74	1	1	270	1240092	1240898	1.39e-114	368	85.56	0/3
MinD	NZ_BCTC01000011.1	70.741	270	79	0	1	270	9194	10003	1.44e-114	368	83.70	0/2
MinD	NZ_BCTC01000011.1	24.706	255	167	8	21	270	47346	46642	2.48e-05	52.0	42.35	0/-3
MinD	NZ_VJON01000021.1	70.260	269	80	0	1	269	18943	18137	1.46e-114	368	85.50	0/-1
MinD	NZ_SSSQ01000015.1	71.004	269	78	0	1	269	104744	105550	1.56e-114	368	84.39	0/2
MinD	NZ_WUAF01000005.1	70.741	270	79	0	1	270	45715	44906	1.56e-114	368	83.70	0/-1
MinD	NZ_LODL01000021.1	71.004	269	78	0	1	269	161252	160446	1.56e-114	368	84.39	0/-2
MinD	NZ_QGUB01000003.1	71.852	270	76	0	1	270	270976	271785	1.64e-114	368	84.44	0/1
MinD	NZ_CP060790.1	69.630	270	82	0	1	270	3178765	3177956	1.67e-114	368	85.19	0/-2
MinD	NZ_CP060790.1	32.934	167	107	3	2	166	1184093	1184584	2.83e-08	60.8	57.49	0/2
MinD	NZ_BMWW01000012.1	72.119	269	75	0	1	269	20853	20047	1.72e-114	367	84.01	0/-2
MinD	NZ_FOLD01000001.1	70.632	269	79	0	1	269	201924	201118	1.72e-114	367	84.39	0/-3
MinD	NZ_CAIGKB010000007.1	70.741	270	78	1	1	269	90449	89640	1.74e-114	367	84.81	0/-3
MinD	NZ_CABPSF010000003.1	71.004	269	78	0	1	269	802100	801294	2.13e-114	367	84.39	0/-2
MinD	NZ_CP013480.3	71.004	269	78	0	1	269	2289507	2290313	2.13e-114	367	84.39	0/3
MinD	NZ_WTVH01000013.1	70.800	250	73	0	21	270	97432	96683	2.14e-114	367	84.00	0/-2
MinD	NZ_PVLQ01000032.1	71.111	270	78	0	1	270	44786	43977	2.24e-114	367	84.07	0/-3
MinD	NZ_VFAH01000013.1	71.852	270	76	0	1	270	43690	44499	2.30e-114	367	82.22	0/1
MinD	NZ_JYKA01000001.1	71.481	270	77	0	1	270	290591	291400	2.39e-114	367	84.81	0/2
MinD	NZ_UGQR01000001.1	73.063	271	71	2	1	270	1070136	1069327	2.42e-114	367	85.61	0/-1
MinD	NZ_KE383960.1	71.375	269	77	0	1	269	69430	68624	2.43e-114	367	85.13	0/-1
MinD	NZ_CABPRU010000005.1	70.632	269	79	0	1	269	211100	211906	2.46e-114	367	84.01	0/2
MinD	NZ_QXJC01000014.1	70.632	269	79	0	1	269	28558	29364	2.49e-114	367	84.76	0/1
MinD	NZ_LIPV01000013.1	70.370	270	80	0	1	270	35656	34847	2.51e-114	367	84.81	0/-2
MinD	NZ_ATVC01000001.1	72.593	270	73	1	1	270	58472	59278	2.52e-114	367	84.44	0/2
MinD	NZ_KB908112.1	72.119	269	75	0	1	269	18919	19725	2.54e-114	367	83.27	0/1
MinD	NZ_KB905929.1	70.741	270	79	0	1	270	106374	107183	2.60e-114	367	83.70	0/3
MinD	NZ_BJNV01000099.1	71.852	270	76	0	1	270	5705	6514	2.66e-114	367	82.96	0/2
MinD	NZ_CABPSH010000003.1	70.632	269	79	0	1	269	159898	159092	2.82e-114	367	84.01	0/-1
MinD	NZ_JTKY01000031.1	70.632	269	79	0	1	269	29912	29106	2.84e-114	367	84.76	0/-1
MinD	NZ_LSTO01000001.1	72.222	270	75	0	1	270	4349988	4350797	3.20e-114	367	82.22	0/3
MinD	NZ_WTVS01000011.1	70.400	250	74	0	21	270	88356	89105	3.34e-114	367	83.60	0/3
MinD	NZ_WTVQ01000014.1	70.800	250	73	0	21	270	70298	71047	3.82e-114	367	82.40	0/2
MinD	NZ_CP022423.1	70.000	270	81	0	1	270	215256	214447	3.92e-114	367	83.70	0/-1
MinD	NZ_ATJV01000002.1	70.800	250	73	0	21	270	90593	91342	4.10e-114	367	82.40	0/2
MinD	NZ_CABPSQ010000001.1	70.632	269	79	0	1	269	648838	649644	5.18e-114	366	84.01	0/1
MinD	NZ_CP011807.3	70.632	269	79	0	1	269	2854179	2853373	5.19e-114	366	84.01	0/-3
MinD	NZ_CP010897.2	70.632	269	79	0	1	269	3170107	3169301	5.19e-114	366	84.01	0/-2
MinD	NZ_CP025682.1	70.800	250	73	0	21	270	1850351	1851100	5.44e-114	366	82.00	0/2
MinD	NZ_CABPSB010000001.1	70.632	269	79	0	1	269	388578	387772	5.49e-114	366	84.01	0/-3
MinD	NZ_CABPRV010000002.1	70.632	269	79	0	1	269	638886	638080	5.49e-114	366	84.01	0/-1
MinD	NZ_SLZQ01000005.1	72.222	270	75	0	1	270	172566	171757	5.81e-114	366	82.96	0/-3
MinD	NZ_LT671418.1	71.481	270	77	0	1	270	1302041	1302850	5.82e-114	366	83.33	0/2
MinD	NZ_BCTF01000019.1	70.632	269	79	0	1	269	104954	104148	5.85e-114	366	84.01	0/-3
MinD	NZ_LOCQ01000053.1	72.862	269	73	0	1	269	28964	29770	6.04e-114	366	82.90	0/2
MinD	NZ_BBJZ01000007.1	71.111	270	77	1	1	270	195817	196623	6.04e-114	366	84.81	0/1
MinD	NZ_BBVD01000007.1	71.111	270	77	1	1	270	247137	247943	6.05e-114	366	84.81	0/3
MinD	NZ_CABPSP010000002.1	70.632	269	79	0	1	269	258661	257855	6.41e-114	366	84.01	0/-3
MinD	NZ_CABPSN010000001.1	70.632	269	79	0	1	269	729535	728729	6.41e-114	366	84.01	0/-1
MinD	NZ_CABPSA010000001.1	70.632	269	79	0	1	269	747721	746915	6.41e-114	366	84.01	0/-1
MinD	NZ_LT906435.1	70.632	269	79	0	1	269	2318507	2319313	6.42e-114	366	84.01	0/2
MinD	NZ_CP016210.1	71.200	250	72	0	21	270	1913580	1912831	6.73e-114	366	82.40	0/-1
MinD	NZ_SGWV01000009.1	70.741	270	79	0	1	270	513780	514589	7.06e-114	366	84.81	0/3
MinD	NZ_SNXS01000004.1	69.630	270	82	0	1	270	225763	226572	7.13e-114	366	84.07	0/1
MinD	NZ_AP014568.1	69.517	269	82	0	1	269	2370748	2371554	7.27e-114	366	84.76	0/1
MinD	NZ_AP014568.1	29.605	152	94	4	21	166	2560418	2560852	4.23e-08	60.5	51.32	0/2
MinD	NZ_BMKG01000014.1	72.119	269	75	0	1	269	136505	135699	7.32e-114	366	83.27	0/-3
MinD	NZ_VJOL01000016.1	69.888	269	81	0	1	269	26411	27217	7.62e-114	366	85.13	0/2
MinD	NZ_FPKR01000015.1	72.593	270	73	1	1	270	130654	129848	7.98e-114	365	84.44	0/-3
MinD	NZ_KB892863.1	70.000	250	75	0	21	270	39694	38945	8.00e-114	365	83.20	0/-3
MinD	NC_014145.1	70.370	270	80	0	1	270	580377	579568	8.91e-114	365	84.44	0/-2
MinD	NZ_CP060414.1	72.325	271	73	2	1	270	2054340	2055149	9.17e-114	365	84.87	0/3
MinD	NZ_CADIKM010000001.1	70.632	269	79	0	1	269	30933	30127	9.25e-114	365	84.39	0/-1
MinD	NZ_JWJG01000028.1	71.852	270	76	0	1	270	1610909	1611718	9.53e-114	365	82.22	0/2
MinD	NZ_QPEQ01000001.1	69.517	269	82	0	1	269	1038406	1039212	9.81e-114	365	85.50	0/1
MinD	NZ_PDEA01000001.1	70.370	270	79	1	1	270	723756	724562	1.02e-113	365	85.56	0/3
MinD	NZ_PDEA01000001.1	28.188	149	100	4	21	166	2713426	2712992	4.31e-08	60.5	53.02	0/-3
MinD	NZ_CP022579.1	71.600	250	71	0	21	270	2067619	2066870	1.05e-113	365	82.40	0/-2
MinD	NZ_SNZP01000001.1	70.370	270	80	0	1	270	47944	47135	1.06e-113	365	84.07	0/-3
MinD	NZ_JACCFH010000001.1	71.004	269	78	0	1	269	55571	54765	1.17e-113	365	83.64	0/-2
MinD	NZ_JACCFH010000001.1	32.624	141	88	4	29	166	2776462	2776052	5.47e-08	60.1	53.90	0/-3
MinD	NZ_CABPSD010000001.1	70.260	269	80	0	1	269	539038	538232	1.18e-113	365	84.01	0/-2
MinD	NC_023018.2	70.260	269	80	0	1	269	2979562	2978756	1.18e-113	365	84.01	0/-1
MinD	NZ_QJKI01000002.1	71.956	271	74	2	1	270	93135	93944	1.30e-113	365	85.98	0/3
MinD	NZ_SNVV01000003.1	71.200	250	72	0	21	270	57165	57914	1.39e-113	365	82.40	0/3
MinD	NZ_AQWL01000005.1	70.000	250	75	0	21	270	142779	143528	1.42e-113	365	82.80	0/3
MinD	NZ_CP027792.1	71.111	270	78	0	1	270	452707	453516	1.42e-113	365	84.07	0/1
MinD	NZ_CP027792.1	27.333	150	104	3	21	168	2265293	2265733	1.32e-08	62.0	54.00	0/2
MinD	NZ_CP020121.1	70.370	270	79	1	1	270	1149303	1150109	1.43e-113	365	84.81	0/3
MinD	NZ_CP020121.1	25.676	148	105	3	21	166	3387868	3388302	1.29e-07	58.9	53.38	0/1
MinD	NZ_CP010310.2	70.260	269	80	0	1	269	3275637	3274831	1.47e-113	365	84.01	0/-3
MinD	NZ_JACYOX010000028.1	71.481	270	77	0	1	270	41558	42367	1.49e-113	365	82.22	0/2
MinD	NZ_HG322949.1	72.119	269	75	0	1	269	5554096	5554902	1.50e-113	365	83.27	0/1
MinD	NZ_CP013235.1	71.852	270	76	0	1	270	4056121	4056930	1.65e-113	365	82.59	0/1
MinD	NZ_SNWF01000004.1	71.111	270	78	0	1	270	1167358	1166549	1.80e-113	365	83.33	0/-1
MinD	NZ_UGHR01000001.1	72.593	270	73	1	1	270	2855929	2856735	1.82e-113	365	83.70	0/1
MinD	NZ_SACM01000005.1	70.896	268	78	0	1	268	285289	284486	1.97e-113	365	86.19	0/-2
MinD	NZ_CABPSJ010000002.1	70.260	269	80	0	1	269	202189	201383	2.11e-113	364	84.01	0/-2
MinD	NZ_CP046904.1	71.747	269	76	0	1	269	3911881	3911075	2.23e-113	364	83.27	0/-2
MinD	NZ_CP011253.3	70.632	269	79	0	1	269	3132665	3131859	2.30e-113	364	83.64	0/-3
MinD	NZ_AMXF01000151.1	70.400	250	74	0	21	270	532	1281	2.41e-113	364	83.20	0/1
MinD	NZ_FNQJ01000004.1	70.370	270	79	1	1	269	125496	126305	2.55e-113	364	84.07	0/3
MinD	NZ_FQUZ01000006.1	71.111	270	78	0	1	270	36493	37302	2.57e-113	364	83.33	0/1
MinD	NZ_KE386953.1	70.000	250	74	1	21	270	89300	90046	2.60e-113	364	83.20	0/2
MinD	NZ_JADOEL010000002.1	71.111	270	78	0	1	270	290234	291043	2.68e-113	364	83.33	0/2
MinD	NZ_CP013236.1	72.222	270	75	0	1	270	4952162	4952971	2.84e-113	364	82.22	0/2
MinD	NZ_BMLY01000001.1	72.222	270	74	1	1	270	380271	381077	2.92e-113	364	84.81	0/3
MinD	NZ_ATZJ01000021.1	71.852	270	75	1	1	270	22212	21406	3.16e-113	364	84.07	0/-1
MinD	NZ_NOIG01000008.1	70.370	270	79	1	1	269	344051	344860	3.25e-113	364	84.81	0/2
MinD	NZ_AFBG01000021.1	70.370	270	79	1	1	269	624443	625252	3.28e-113	364	85.19	0/2
MinD	NZ_JACHXO010000008.1	71.269	268	77	0	1	268	128636	129439	3.34e-113	364	84.33	0/2
MinD	NZ_WTVP01000060.1	70.000	250	75	0	21	270	25538	24789	3.47e-113	364	83.20	0/-2
MinD	NZ_FZOT01000002.1	70.741	270	79	0	1	270	126879	127688	3.55e-113	364	81.85	0/3
MinD	NZ_HE978634.1	71.111	270	78	0	1	270	1213683	1212874	3.62e-113	364	82.22	0/-1
MinD	NZ_RXLQ01000004.1	71.004	269	78	0	1	269	167952	167146	3.69e-113	364	82.90	0/-1
MinD	NZ_CP013729.1	71.269	268	77	0	1	268	2114222	2115025	3.83e-113	363	84.33	0/2
MinD	NZ_CP013729.1	28.671	143	97	3	30	170	4313490	4313071	1.15e-08	62.0	53.85	0/-2
MinD	NZ_BMLX01000001.1	72.222	270	74	1	1	270	739824	739018	3.98e-113	363	84.44	0/-2
MinD	NZ_CABPSC010000002.1	69.888	269	81	0	1	269	89714	90520	4.06e-113	363	83.64	0/2
MinD	NZ_CABPSG010000001.1	70.260	269	80	0	1	269	465695	464889	4.14e-113	363	84.01	0/-1
MinD	NZ_CP013481.2	70.260	269	80	0	1	269	3205704	3204898	4.14e-113	363	84.01	0/-2
MinD	NZ_CP040017.1	71.852	270	76	0	1	270	5129615	5128806	4.35e-113	363	82.59	0/-3
MinD	NZ_CP047385.1	70.260	269	80	0	1	269	3194275	3195081	4.39e-113	363	84.01	0/1
MinD	NZ_WHJG01000001.1	70.632	269	79	0	1	269	434613	435419	4.43e-113	363	82.90	0/3
MinD	NZ_BCYP01000033.1	70.522	268	79	0	1	268	250865	250062	5.11e-113	363	83.96	0/-1
MinD	NZ_NIOF01000003.1	70.260	269	80	0	1	269	218627	219433	5.17e-113	363	83.64	0/2
MinD	NZ_VZPB01000057.1	70.632	269	79	0	1	269	26228	25422	5.21e-113	363	84.76	0/-3
MinD	NZ_JACIET010000001.1	68.800	250	78	0	21	270	2085	1336	5.43e-113	363	82.40	0/-2
MinD	NZ_CABPRY010000003.1	70.260	269	80	0	1	269	264151	264957	5.48e-113	363	84.01	0/1
MinD	NZ_CP021359.1	70.000	270	80	1	1	269	87413	88222	5.75e-113	363	84.44	0/2
MinD	NZ_CP021359.1	27.027	148	103	3	21	166	2225085	2225519	1.62e-08	61.6	54.73	0/3
MinD	NZ_AFAL01000507.1	69.004	271	83	1	1	270	6044	5232	5.86e-113	363	83.39	0/-2
MinD	NZ_SNXE01000012.1	71.004	269	78	0	1	269	43830	43024	6.87e-113	363	84.01	0/-3
MinD	NZ_CP024608.1	70.260	269	80	0	1	269	530097	529291	7.19e-113	363	82.90	0/-3
MinD	NZ_JACHHQ010000004.1	70.741	270	79	0	1	270	106584	105775	7.39e-113	363	82.59	0/-2
MinD	NZ_JACHLP010000004.1	70.370	270	80	0	1	270	126206	127015	7.39e-113	363	82.96	0/2
MinD	NZ_JACHLP010000004.1	30.496	141	93	3	30	168	329549	329136	2.46e-09	64.3	55.32	0/-3
MinD	NZ_QUSW01000002.1	69.517	269	82	0	1	269	626430	625624	9.15e-113	363	84.76	0/-1
MinD	NZ_QUSW01000002.1	29.054	148	100	3	21	166	569656	569222	1.95e-08	61.2	55.41	0/-3
MinD	NZ_CP060783.1	70.260	269	80	0	1	269	2826019	2826825	9.89e-113	362	83.64	0/1
MinD	NZ_WHJH01000014.1	70.632	269	79	0	1	269	107785	106979	1.19e-112	362	82.90	0/-1
MinD	NZ_VUYU01000008.1	70.632	269	79	0	1	269	84571	83765	1.20e-112	362	82.90	0/-3
MinD	NZ_JHYS01000002.1	70.000	270	81	0	1	270	307184	306375	1.33e-112	362	83.70	0/-3
MinD	NZ_FOCP01000030.1	71.852	270	74	2	1	270	18725	19528	1.36e-112	362	86.67	0/2
MinD	NZ_CP013232.1	71.481	270	77	0	1	270	5004664	5005473	1.57e-112	362	82.22	0/1
MinD	NZ_CABPSM010000011.1	69.888	269	81	0	1	269	16651	17457	1.63e-112	362	84.01	0/1
MinD	NZ_SUMF01000007.1	71.852	270	75	1	1	270	34883	35689	1.69e-112	362	82.96	0/2
MinD	NZ_JACHHN010000001.1	71.481	270	76	1	1	270	862956	862150	1.75e-112	362	84.44	0/-1
MinD	NZ_AP014569.1	69.145	269	83	0	1	269	2412938	2413744	1.87e-112	362	84.39	0/2
MinD	NZ_AP014569.1	28.947	152	95	4	21	166	2591607	2592041	2.89e-07	57.8	50.00	0/3
MinD	NZ_CP035913.1	71.481	270	77	0	1	270	2925907	2926716	2.06e-112	362	82.22	0/1
MinD	NZ_CABPST010000002.1	69.888	269	81	0	1	269	301139	300333	2.45e-112	361	83.27	0/-2
MinD	NZ_VLLB01000007.1	71.747	269	76	0	1	269	90609	89803	2.62e-112	361	82.90	0/-2
MinD	NZ_CP021060.1	68.148	270	86	0	1	270	1375646	1376455	3.41e-112	361	85.19	0/2
MinD	NZ_ATZZ01000011.1	70.741	270	78	1	1	270	502177	501371	4.01e-112	361	85.19	0/-1
MinD	NZ_CP058952.1	70.000	270	80	1	1	270	3180263	3179457	4.17e-112	361	84.44	0/-2
MinD	NZ_CP023422.1	71.747	269	76	0	1	269	494182	493376	4.97e-112	360	82.53	0/-1
MinD	NZ_CP028324.1	70.632	269	79	0	1	269	550351	549545	5.42e-112	360	83.27	0/-3
MinD	NZ_KB895359.1	71.481	270	76	1	1	270	18461	17655	5.62e-112	360	82.96	0/-3
MinD	NZ_JACHXD010000001.1	70.632	269	79	0	1	269	209582	210388	5.85e-112	360	81.41	0/2
MinD	NZ_JONM01000001.1	70.741	270	78	1	1	270	36072	35266	7.16e-112	360	83.33	0/-1
MinD	NZ_JACYXF010000002.1	70.741	270	79	0	1	270	554890	555699	8.12e-112	360	81.48	0/1
MinD	NZ_JBOK01000002.1	69.259	270	82	1	1	270	53313	52507	9.66e-112	360	84.44	0/-2
MinD	NZ_SWAR01000002.1	68.800	250	78	0	21	270	239683	240432	1.01e-111	360	82.40	0/1
MinD	NZ_WFLI01000005.1	71.375	269	77	0	1	269	205175	204369	1.67e-111	359	82.53	0/-2
MinD	NZ_LAQT01000004.1	70.370	270	79	1	1	270	23638	24444	1.77e-111	359	83.70	0/1
MinD	NZ_CP036401.1	71.111	270	78	0	1	270	6785857	6786666	1.98e-111	359	81.85	0/1
MinD	NZ_CP048832.1	71.375	269	77	0	1	269	467612	466806	2.00e-111	359	82.16	0/-1
MinD	NZ_CP035708.1	69.517	269	82	0	1	269	1328353	1329159	2.26e-111	358	82.90	0/1
MinD	NZ_CP035708.1	32.394	142	87	5	29	166	2938076	2938486	8.48e-10	65.5	56.34	0/2
MinD	NC_008786.1	68.889	270	83	1	1	269	1818030	1818839	2.33e-111	358	84.07	0/3
MinD	NC_008786.1	26.351	148	104	3	21	166	3669723	3670157	7.87e-06	53.5	51.35	0/3
MinD	NZ_AUMS01000007.1	70.000	270	80	1	1	270	235165	235971	2.69e-111	358	84.44	0/1
MinD	NZ_BBYR01000007.1	69.517	269	82	0	1	269	181654	180848	3.49e-111	358	84.01	0/-2
MinD	NZ_WNKY01000015.1	70.632	269	79	0	1	269	115592	116398	3.91e-111	358	82.16	0/2
MinD	NZ_SSSR01000002.1	69.485	272	81	1	1	270	62364	61549	4.53e-111	358	83.09	0/-1
MinD	NZ_WKJL01000008.1	70.632	269	79	0	1	269	175329	174523	4.84e-111	358	82.53	0/-2
MinD	NZ_WKJN01000006.1	70.632	269	79	0	1	269	179421	178615	4.85e-111	358	82.53	0/-3
MinD	NZ_FPBO01000003.1	70.000	270	81	0	1	270	238506	237697	5.29e-111	357	82.59	0/-2
MinD	NZ_FWXD01000006.1	70.370	270	79	1	1	270	87723	86917	5.49e-111	357	82.59	0/-1
MinD	NZ_VMNK01000015.1	69.200	250	77	0	21	270	402036	401287	6.00e-111	357	81.20	0/-1
MinD	NZ_FOGD01000009.1	69.630	270	82	0	1	270	57832	58641	6.52e-111	357	82.59	0/1
MinD	NZ_MBFM01000002.1	70.000	270	81	0	1	270	245761	246570	6.61e-111	357	82.96	0/1
MinD	NZ_BMYO01000002.1	70.741	270	78	1	1	270	497295	496489	8.10e-111	357	84.07	0/-3
MinD	NZ_WNKW01000004.1	70.632	269	79	0	1	269	166453	167259	8.83e-111	357	82.16	0/1
MinD	NZ_WWCL01000003.1	70.632	269	79	0	1	269	394684	393878	8.84e-111	357	82.16	0/-2
MinD	NZ_WNWM01000002.1	70.632	269	79	0	1	269	2941405	2942211	8.84e-111	357	82.16	0/1
MinD	NZ_SWKN01000012.1	70.741	270	79	0	1	270	45197	44388	9.79e-111	357	82.59	0/-3
MinD	NC_014394.1	70.741	270	77	2	1	270	1114730	1115533	9.84e-111	357	84.07	0/2
MinD	NC_008825.1	69.259	270	83	0	1	270	3550250	3549441	1.37e-110	356	82.96	0/-2
MinD	NC_008825.1	29.286	140	94	3	31	168	2871795	2871385	7.32e-08	59.7	53.57	0/-1
MinD	NZ_JHVM01000003.1	70.370	270	79	1	1	270	471066	471872	1.52e-110	356	83.70	0/3
MinD	NZ_FOTW01000007.1	69.517	269	82	0	1	269	192285	193091	1.74e-110	356	82.53	0/3
MinD	NZ_NISI01000001.1	68.889	270	84	0	1	270	1076381	1075572	3.39e-110	355	82.59	0/-2
MinD	NZ_NISI01000001.1	30.000	170	105	5	30	197	816930	816457	2.11e-10	67.4	52.35	0/-1
MinD	NZ_FRCX01000003.1	70.632	269	79	0	1	269	29667	30473	3.88e-110	355	81.78	0/3
MinD	NZ_CP041335.1	70.741	270	78	1	1	270	2216076	2215270	3.99e-110	355	82.22	0/-3
MinD	NZ_WWCT01000007.1	70.260	269	80	0	1	269	197130	197936	5.43e-110	355	81.78	0/3
MinD	NZ_WWCS01000001.1	70.260	269	80	0	1	269	417824	417018	5.44e-110	355	81.78	0/-2
MinD	NC_010524.1	69.742	271	81	1	1	270	37836	38648	6.47e-110	354	83.76	0/3
MinD	NC_010524.1	27.660	141	95	4	31	168	748001	747591	1.02e-06	56.2	53.19	0/-1
MinD	NZ_SPVG01000215.1	69.517	269	82	0	1	269	457	1263	1.06e-109	354	82.16	0/1
MinD	NZ_SMBU01000030.1	68.773	269	84	0	1	269	58275	57469	1.53e-109	353	83.27	0/-1
MinD	NZ_FNCY01000028.1	68.498	273	83	2	1	270	16369	15551	3.88e-108	349	82.78	0/-3
MinD	NZ_JACHGB010000008.1	66.532	248	83	0	21	268	7474	6731	9.82e-108	348	80.65	0/-1
MinD	NZ_AXVM01000003.1	69.456	239	73	0	32	270	437752	437036	9.94e-108	348	82.85	0/-3
MinD	NZ_CAHLAR010000005.1	64.919	248	87	0	21	268	461935	461192	8.98e-103	334	79.03	0/-1
MinD	NZ_AYSV01000090.1	66.497	197	66	0	74	270	31464	32054	6.08e-95	271	81.73	0/3
MinD	NZ_AYSV01000090.1	86.301	73	10	0	1	73	31244	31462	6.08e-95	101	94.52	0/2
MinD	NZ_AJHH01000469.1	81.746	126	23	0	1	126	241	618	2.20e-92	182	92.06	0/1
MinD	NZ_AJHH01000469.1	64.706	136	48	0	135	270	621	1028	2.20e-92	182	77.94	0/3
MinD	NZ_AJHH01000469.1	64.706	136	48	0	135	270	1143	1550	6.40e-52	183	77.94	0/3
MinD	NZ_KB905933.1	32.215	149	94	4	21	166	159032	159466	3.02e-13	75.9	59.06	0/2
MinD	NZ_PSNX01000013.1	32.215	149	94	4	21	166	37767	37333	9.03e-13	74.3	57.72	0/-1
MinD	NZ_SMBU01000026.1	30.357	168	103	5	30	195	71411	70944	7.97e-11	68.6	52.98	0/-3
MinD	NZ_SWAR01000050.1	31.429	140	91	3	29	166	28288	28698	2.48e-10	67.0	57.14	0/1
MinD	NZ_JZUE01000011.1	31.544	149	95	4	21	166	87599	88033	3.63e-10	66.6	54.36	0/2
MinD	NZ_RCHJ01000005.1	31.081	148	97	3	21	166	95612	96046	3.67e-10	66.6	58.11	0/2
MinD	NZ_JACCDB010000003.1	31.757	148	96	3	21	166	260212	260646	5.15e-10	66.2	54.05	0/1
MinD	NZ_CAIGKB010000006.1	34.132	167	105	3	2	166	16928	17419	8.46e-10	65.5	56.89	0/2
MinD	NZ_FMZC01000006.1	35.329	167	103	3	2	166	35180	35671	9.99e-10	65.5	56.89	0/2
MinD	NZ_SMAH01000006.1	30.405	148	98	3	21	166	127799	128233	1.02e-09	65.5	54.05	0/2
MinD	NZ_QLTA01000017.1	34.731	167	104	3	2	166	70708	71199	1.14e-09	65.1	56.29	0/1
MinD	NZ_AFBG01000006.1	34.132	167	105	3	2	166	208443	208934	1.21e-09	65.1	57.49	0/3
MinD	NZ_KB906254.1	28.378	148	101	3	21	166	432745	432311	1.78e-09	64.7	56.76	0/-2
MinD	NZ_RJVL01000006.1	34.731	167	104	3	2	166	116267	116758	2.22e-09	64.3	56.89	0/2
MinD	NZ_QPJK01000001.1	27.857	140	96	3	29	166	961596	962006	2.31e-09	64.3	57.14	0/3
MinD	NZ_BCWP01000001.1	30.405	148	98	3	21	166	192342	191908	3.06e-09	63.9	53.38	0/-2
MinD	NZ_BMYK01000001.1	27.857	140	96	3	29	166	437865	437455	3.39e-09	63.5	57.14	0/-2
MinD	NZ_VJON01000029.1	29.054	148	100	3	21	166	7832	7398	3.80e-09	63.5	54.05	0/-2
MinD	NZ_KI912467.1	28.000	150	103	3	21	168	137653	138093	3.96e-09	63.5	56.00	0/1
MinD	NZ_FPBX01000010.1	27.703	148	102	3	21	166	42612	43046	4.96e-09	63.2	54.05	0/3
MinD	NZ_VAHD01000006.1	29.054	148	100	3	21	166	107548	107114	4.97e-09	63.2	52.70	0/-3
MinD	NZ_VFPV01000003.1	33.533	167	106	3	2	166	183858	184349	5.31e-09	63.2	56.89	0/3
MinD	NZ_VJWE01000012.1	33.533	167	106	3	2	166	86153	85662	6.68e-09	62.8	57.49	0/-3
MinD	NZ_SNXE01000006.1	27.972	143	98	3	30	170	103816	103397	7.18e-09	62.8	56.64	0/-2
MinD	NZ_JAAAPN010000006.1	29.139	151	100	4	21	168	52329	51889	7.58e-09	62.8	53.64	0/-1
MinD	NZ_BBYR01000065.1	30.201	149	97	4	21	166	69698	69264	8.30e-09	62.4	57.05	0/-2
MinD	NZ_VJNA01000027.1	29.730	148	99	3	21	166	31648	32082	8.66e-09	62.4	54.05	0/1
MinD	NZ_QXGR01000006.1	34.731	167	104	3	2	166	31054	30563	8.70e-09	62.4	58.08	0/-1
MinD	NZ_SNXW01000001.1	29.801	151	99	4	21	168	816571	816131	1.01e-08	62.4	52.98	0/-3
MinD	NZ_VIDT01000479.1	29.730	148	99	3	21	166	1177	743	1.03e-08	62.0	54.73	0/-3
MinD	NZ_FONX01000005.1	32.934	167	107	3	2	166	299397	299888	1.07e-08	62.4	55.69	0/3
MinD	NZ_JMKU01000001.1	28.378	148	101	3	21	166	175655	176089	1.12e-08	62.0	54.73	0/2
MinD	NZ_FNHP01000005.1	27.333	150	104	3	21	168	164330	164770	1.23e-08	62.0	52.67	0/2
MinD	NZ_QXJC01000001.1	33.533	167	106	3	2	166	15781	15290	1.40e-08	62.0	56.89	0/-3
MinD	NZ_SNXS01000005.1	29.371	143	96	3	30	170	187583	187164	1.47e-08	61.6	52.45	0/-3
MinD	NZ_QGUB01000004.1	27.703	148	102	3	21	166	178978	179412	1.88e-08	61.6	52.70	0/1
MinD	NZ_FNJL01000003.1	27.703	148	102	3	21	166	10425	10859	2.09e-08	61.2	54.73	0/3
MinD	NZ_JACHXO010000002.1	28.671	143	97	3	30	170	451169	450750	2.34e-08	61.2	53.15	0/-2
MinD	NZ_BJCL01000012.1	29.851	134	89	3	31	162	80945	81337	2.44e-08	61.2	55.97	0/2
MinD	NZ_QPJU01000004.1	28.188	149	100	4	21	166	105625	105191	2.49e-08	61.2	53.69	0/-2
MinD	NZ_NIOF01000001.1	29.078	141	95	3	30	168	385911	385498	2.52e-08	61.2	53.90	0/-1
MinD	NZ_FOMQ01000004.1	29.054	148	100	3	21	166	410487	410053	2.73e-08	60.8	52.70	0/-3
MinD	NZ_JHYS01000011.1	34.132	167	105	3	2	166	24600	24109	3.15e-08	60.8	56.89	0/-2
MinD	NZ_LJGO01000108.1	27.703	148	102	3	21	166	131815	131381	3.21e-08	60.8	54.73	0/-3
MinD	NZ_NOIG01000010.1	33.533	167	106	3	2	166	326101	325610	3.40e-08	60.8	56.89	0/-2
MinD	NZ_VJNB01000002.1	27.703	148	102	3	21	166	336402	335968	5.22e-08	60.1	54.05	0/-1
MinD	NZ_VJOL01000012.1	29.054	148	100	3	21	166	12363	11929	5.41e-08	60.1	53.38	0/-1
MinD	NZ_VJOO01000010.1	29.730	148	99	3	21	166	56289	55855	7.41e-08	59.7	53.38	0/-3
MinD	NZ_AEGR01000024.1	28.777	139	92	4	31	166	16128	15724	7.90e-08	59.7	52.52	0/-1
MinD	NZ_VMYE01000007.1	27.027	148	103	3	21	166	94857	94423	8.06e-08	59.7	53.38	0/-2
MinD	NZ_LFRI01000103.1	27.815	151	102	4	21	168	11608	12048	8.58e-08	59.3	53.64	0/1
MinD	NZ_SACM01000001.1	27.094	203	123	7	30	220	995528	994959	8.94e-08	59.3	49.75	0/-2
MinD	NZ_QXNC01000042.1	28.261	138	94	3	31	166	28298	28702	9.99e-08	59.3	52.90	0/2
MinD	NZ_BCYP01000006.1	28.369	141	96	3	30	168	261592	262005	1.17e-07	58.9	53.90	0/1
MinD	NZ_AUCQ01000040.1	27.027	148	103	3	21	166	33343	32909	1.51e-07	58.5	52.03	0/-1
MinD	NZ_NWBQ01000015.1	28.859	149	99	4	21	166	6208	6642	1.65e-07	58.5	52.35	0/1
MinD	NZ_BCNT01000013.1	25.676	148	105	3	23	168	44361	44795	1.91e-07	58.5	53.38	0/3
MinD	NZ_JBOK01000010.1	27.517	149	101	4	21	166	106811	107245	2.23e-07	58.2	53.02	0/2
MinD	NZ_SLXD01000018.1	26.950	141	96	4	29	166	59007	59417	2.27e-07	58.2	56.03	0/3
MinD	NZ_FOGD01000001.1	27.536	138	95	3	31	166	281125	281529	3.31e-07	57.8	53.62	0/1
MinD	NZ_QJJS01000006.1	30.714	140	92	3	31	168	20194	19784	3.34e-07	57.8	52.14	0/-2
MinD	NZ_VJND01000017.1	28.378	148	101	3	21	166	39487	39053	4.67e-07	57.4	53.38	0/-1
MinD	NZ_BMEU01000008.1	25.676	148	105	3	23	168	85412	84978	5.69e-07	57.0	52.03	0/-1
MinD	NZ_BBJX01000004.1	34.132	167	105	3	2	166	451445	451936	6.54e-07	56.6	57.49	0/2
MinD	NZ_JAAOCD010000005.1	27.660	141	95	4	29	166	318026	317616	9.22e-07	56.2	54.61	0/-3
MinD	NZ_JTKY01000060.1	27.273	154	99	4	21	168	40134	39694	1.20e-06	55.8	50.65	0/-1
MinD	NZ_SGWV01000011.1	29.710	138	92	3	31	166	123625	123221	1.20e-06	55.8	53.62	0/-2
MinD	NZ_BBVD01000026.1	27.333	150	104	3	21	168	24516	24076	1.42e-06	55.8	50.67	0/-2
MinD	NZ_BBJZ01000021.1	27.333	150	104	3	21	168	110084	110524	1.57e-06	55.5	50.67	0/2
MinD	NZ_VZPB01000020.1	28.571	140	95	3	29	166	29519	29929	2.79e-06	54.7	55.00	0/2
MinD	NZ_SACT01000001.1	27.273	143	97	4	29	168	1329049	1329465	7.66e-06	53.5	54.55	0/1
MinD	NZ_AXVM01000011.1	26.087	138	97	3	31	166	28618	29022	1.05e-05	53.1	54.35	0/1
MinD	NZ_QJTC01000001.1	25.714	140	99	3	31	168	293367	292957	2.19e-05	52.0	51.43	0/-3


