# tblastn
# Iteration: 0
# Query: MinD
# RID: 7KP7REH7013
# Database: ref_prok_rep_genomes
# Fields: query acc.ver, subject acc.ver, % identity, alignment length, mismatches, gap opens, q. start, q. end, s. start, s. end, evalue, bit score, % positives, query/sbjct frames
# 56 hits found
MinD	NZ_JACHHG010000013.1	49.606	254	114	5	21	270	34388	33657	1.48e-66	226	68.11	0/-1
MinD	NZ_JQKG01000005.1	48.627	255	115	6	21	270	191445	192176	4.69e-66	225	69.41	0/3
MinD	NZ_CP029494.1	49.802	253	113	5	21	269	1391815	1392543	1.36e-65	224	67.59	0/1
MinD	NZ_BJXB01000024.1	48.819	254	116	5	21	270	9772	9041	1.65e-65	223	69.69	0/-3
MinD	NZ_RXPE01000009.1	51.095	274	120	6	2	270	2377	3171	1.80e-65	223	70.07	0/1
MinD	NZ_KI912617.1	48.425	254	117	5	21	270	125769	125038	2.44e-65	223	68.11	0/-3
MinD	NC_015161.1	51.493	268	119	5	2	267	2033538	2034314	8.32e-65	221	69.40	0/3
MinD	NZ_BNAL01000003.1	51.095	274	120	6	2	270	141721	140927	9.30e-65	221	69.34	0/-3
MinD	NC_014958.1	50.730	274	119	6	2	270	1081704	1082492	9.71e-65	221	69.71	0/3
MinD	NC_019793.1	48.425	254	117	5	21	270	551307	550576	1.19e-64	221	68.11	0/-2
MinD	NZ_QJSX01000011.1	47.431	253	121	4	21	270	51260	50529	2.20e-64	220	67.59	0/-3
MinD	NZ_BMQL01000002.1	50.368	272	121	5	2	269	102599	103384	3.08e-64	220	70.22	0/2
MinD	NZ_PNOR01000023.1	48.819	254	116	5	21	270	42531	43262	3.09e-64	220	66.93	0/3
MinD	NZ_KB899701.1	47.451	255	118	6	21	270	18193	18924	4.35e-64	219	67.84	0/1
MinD	NZ_CP011387.1	47.451	255	118	6	21	270	2794251	2793520	7.28e-64	219	67.45	0/-1
MinD	NZ_AXWT01000026.1	50.183	273	122	5	2	270	16322	15534	7.40e-64	219	70.33	0/-2
MinD	NZ_BMOD01000004.1	47.638	254	119	5	21	270	231563	232294	8.16e-64	219	69.29	0/2
MinD	NZ_BNAJ01000008.1	50.365	274	120	6	2	270	78745	79533	1.13e-63	218	69.34	0/1
MinD	NZ_BFAG01000012.1	48.638	257	112	6	21	270	61840	62571	1.17e-63	218	66.54	0/1
MinD	NZ_VKDB01000004.1	51.282	273	117	6	2	269	117181	116396	1.47e-63	218	69.23	0/-3
MinD	NZ_JHAC01000034.1	48.031	254	118	5	21	270	21575	22306	1.76e-63	218	66.93	0/2
MinD	NZ_KB906406.1	50.549	273	121	5	2	270	69982	69194	1.78e-63	218	69.60	0/-3
MinD	NZ_NHMK01000014.1	47.843	255	117	6	21	270	3905	3174	1.87e-63	218	67.45	0/-2
MinD	NZ_CP038512.1	48.031	254	118	5	21	270	395915	396646	1.89e-63	218	66.93	0/2
MinD	NC_017790.1	50.365	274	120	6	2	270	532981	533769	2.34e-63	217	69.34	0/1
MinD	NZ_FNZA01000004.1	49.270	274	124	5	2	270	144419	145210	2.38e-63	217	69.71	0/2
MinD	NZ_BMOE01000005.1	49.451	273	124	5	2	270	158524	159312	3.46e-63	217	69.96	0/1
MinD	NZ_FWWU01000009.1	50.916	273	120	5	2	270	649870	650658	3.86e-63	217	68.86	0/1
MinD	NC_008025.1	50.368	272	121	5	2	269	381579	382364	6.55e-63	216	68.75	0/3
MinD	NZ_BMQO01000006.1	49.635	274	122	6	2	270	7019	6231	6.66e-63	216	69.71	0/-2
MinD	NZ_BMQM01000018.1	47.451	255	118	6	21	270	6889	6158	7.03e-63	216	67.45	0/-1
MinD	NZ_CP013910.1	49.635	274	122	6	2	270	2915117	2915905	1.05e-62	216	69.71	0/2
MinD	NZ_BMQG01000005.1	49.635	274	122	6	2	270	18651	17863	1.08e-62	215	69.71	0/-1
MinD	NZ_JADAKQ010000001.1	48.529	272	125	5	2	268	1697324	1698109	1.08e-62	215	70.59	0/2
MinD	NZ_BCMS01000001.1	49.635	274	122	6	2	270	2991163	2991951	1.69e-62	215	69.71	0/1
MinD	NZ_WVHK01000025.1	49.635	274	122	6	2	270	11589	10801	2.59e-62	214	69.34	0/-1
MinD	NZ_WXZL01000007.1	48.996	249	114	5	21	267	23969	23256	2.64e-62	214	66.67	0/-3
MinD	NZ_BMOR01000011.1	49.635	274	122	6	2	270	53517	52729	2.69e-62	214	69.34	0/-3
MinD	NZ_CP031500.1	46.245	253	121	5	21	268	2614379	2613651	2.95e-62	214	68.38	0/-1
MinD	NZ_JACHFN010000019.1	50.183	273	122	5	2	270	37386	38174	3.01e-62	214	69.96	0/3
MinD	NZ_BMHJ01000015.1	47.451	255	118	6	21	270	93885	94616	3.02e-62	214	67.06	0/3
MinD	NZ_CP011389.1	47.451	255	118	6	21	270	2141016	2140285	3.03e-62	214	67.06	0/-3
MinD	NZ_BMQN01000005.1	49.270	274	123	6	2	270	172015	171227	3.93e-62	214	70.07	0/-3
MinD	NZ_BMPE01000002.1	47.059	255	119	6	21	270	204450	203719	5.40e-62	213	67.45	0/-2
MinD	NZ_BMOM01000014.1	47.843	255	117	6	21	270	22195	21464	6.33e-62	213	65.88	0/-3
MinD	NZ_BMPP01000017.1	49.270	274	123	6	2	270	48441	47653	6.52e-62	213	68.98	0/-3
MinD	NZ_PPPD01000001.1	48.540	274	125	6	2	270	1193776	1192988	1.07e-61	213	69.34	0/-2
MinD	NZ_CP021081.1	46.667	255	120	6	21	270	519187	519918	1.99e-61	212	66.27	0/1
MinD	NZ_SMMH01000014.1	49.458	277	118	7	2	270	25818	25030	2.77e-61	211	68.59	0/-3
MinD	NC_012526.1	48.905	274	124	6	2	270	2550375	2549587	4.05e-61	211	68.61	0/-2
MinD	NZ_JNIW01000052.1	48.905	274	124	6	2	270	19769	20557	8.40e-61	210	69.34	0/2
MinD	NZ_JNIV01000005.1	46.667	255	120	6	21	270	8336	7605	1.32e-60	209	67.06	0/-1
MinD	NZ_BMOL01000001.1	47.059	255	119	6	21	270	561235	560504	3.57e-60	208	66.67	0/-3
MinD	NZ_JACHFL010000009.1	48.540	274	125	6	2	270	46284	45496	4.37e-60	208	68.98	0/-1
MinD	NZ_CP010028.1	46.275	255	121	6	21	270	3061761	3061030	1.88e-59	206	66.67	0/-3
MinD	NZ_JACHEW010000028.1	46.275	255	121	6	21	270	1567	836	1.93e-59	206	66.67	0/-3


