# tblastn
# Iteration: 0
# Query: FlhG
# RID: 7KKVBTSG01R
# Database: ref_prok_rep_genomes
# Fields: query acc.ver, subject acc.ver, % identity, alignment length, mismatches, gap opens, q. start, q. end, s. start, s. end, evalue, bit score, % positives, query/sbjct frames
# 448 hits found
FlhG	NZ_RKQL01000002.1	51.673	269	126	2	62	330	15384	16178	2.43e-65	230	69.52	0/3
FlhG	NZ_LIPV01000004.1	53.962	265	118	2	63	327	224204	224986	1.21e-62	222	70.57	0/2
FlhG	NC_014145.1	52.985	268	122	2	63	330	1466604	1467395	1.53e-62	222	71.27	0/3
FlhG	NZ_CP020046.1	52.985	268	122	2	63	330	151998	151207	7.08e-62	220	70.15	0/-1
FlhG	NZ_SMCO01000001.1	42.683	246	136	2	85	330	733878	733156	4.01e-48	180	65.04	0/-1
FlhG	NZ_AP022853.1	44.715	246	132	2	85	330	1617942	1618667	1.78e-46	175	64.23	0/3
FlhG	NZ_NESP01000001.1	42.276	246	138	2	85	330	1904463	1905188	1.55e-43	167	60.16	0/3
FlhG	NC_022357.1	39.431	246	145	2	85	330	1281083	1281808	1.86e-43	166	64.23	0/2
FlhG	NZ_FSRO01000001.1	38.618	246	147	2	85	330	1961621	1962346	3.25e-40	157	60.98	0/2
FlhG	NC_004757.1	37.398	246	150	2	85	330	2719320	2720045	9.05e-37	147	59.76	0/3
FlhG	NZ_VAHD01000006.1	44.048	252	134	3	62	308	107614	106865	1.37e-36	146	63.49	0/-3
FlhG	NZ_CP013341.1	36.179	246	153	2	85	330	1960985	1961710	7.22e-36	144	57.32	0/2
FlhG	NZ_FNOY01000046.1	36.585	246	152	2	85	330	9803	9078	1.37e-35	144	60.57	0/-2
FlhG	NC_007908.1	40.351	228	130	2	85	308	1398285	1397608	3.62e-35	142	60.53	0/-1
FlhG	NZ_QRBZ01000002.1	36.327	245	152	2	85	329	141507	142229	8.77e-35	141	56.73	0/3
FlhG	NZ_JZUE01000011.1	41.558	231	129	2	85	311	87605	88291	2.98e-34	140	59.31	0/2
FlhG	NZ_MTJN01000002.1	43.254	252	136	3	62	308	721763	722512	4.62e-34	139	62.30	0/2
FlhG	NZ_JAAAPN010000006.1	39.474	228	132	2	85	308	52323	51646	7.19e-34	139	59.65	0/-1
FlhG	NZ_AP019755.1	36.179	246	153	2	85	330	830140	829415	1.07e-33	138	58.94	0/-2
FlhG	NZ_CP019239.1	39.149	235	137	2	85	315	3315352	3316050	1.28e-33	138	58.72	0/1
FlhG	NC_008825.1	40.000	220	126	2	93	308	2871795	2871142	1.51e-33	137	58.18	0/-1
FlhG	NZ_CP019240.1	38.750	240	141	2	85	320	2898963	2899676	1.89e-33	137	58.33	0/3
FlhG	NZ_LFRI01000103.1	38.596	228	134	2	85	308	11614	12291	2.95e-33	137	59.21	0/1
FlhG	NZ_CP029210.1	39.912	228	131	2	85	308	3248168	3247491	3.06e-33	137	58.33	0/-1
FlhG	NZ_CP019236.1	40.351	228	130	2	85	308	1759742	1759065	4.60e-33	136	59.65	0/-2
FlhG	NZ_KI912467.1	40.351	228	130	2	85	308	137659	138336	4.68e-33	136	59.65	0/1
FlhG	NZ_BCNT01000013.1	37.719	228	136	2	85	308	44361	45038	5.16e-33	136	58.77	0/3
FlhG	NC_008786.1	39.035	228	133	2	85	308	3669729	3670406	5.35e-33	136	57.89	0/3
FlhG	NZ_CP051298.1	39.474	228	132	2	85	308	2081759	2081082	5.40e-33	136	58.77	0/-3
FlhG	NZ_FNHP01000005.1	39.035	228	133	2	85	308	164336	165013	5.55e-33	136	59.21	0/2
FlhG	NZ_BMEU01000008.1	37.719	228	136	2	85	308	85412	84735	6.44e-33	135	58.77	0/-1
FlhG	NZ_CP027792.1	40.351	228	130	2	85	308	2265299	2265976	6.47e-33	135	59.65	0/2
FlhG	NZ_AXVM01000011.1	40.639	219	124	2	93	307	28618	29268	1.20e-32	135	60.73	0/1
FlhG	NZ_VIDT01000479.1	40.000	215	123	2	85	295	1171	533	1.27e-32	135	59.53	0/-3
FlhG	NZ_KB906254.1	39.912	228	131	2	85	308	432739	432062	1.32e-32	135	60.09	0/-2
FlhG	NZ_SLXD01000018.1	39.819	221	127	2	92	308	59010	59666	1.60e-32	134	60.18	0/3
FlhG	NZ_VFPV01000003.1	39.035	228	133	2	85	308	183921	184598	1.62e-32	134	58.77	0/3
FlhG	NZ_CP020121.1	37.447	235	141	2	85	315	3387874	3388572	1.83e-32	134	57.02	0/1
FlhG	NZ_CAIGKB010000006.1	37.719	228	136	2	85	308	16991	17668	2.59e-32	134	59.65	0/2
FlhG	NZ_FMZC01000006.1	39.035	228	133	2	85	308	35243	35920	2.64e-32	134	58.77	0/2
FlhG	NZ_FMWO01000031.1	36.179	246	153	2	85	330	7349	6624	3.10e-32	134	58.94	0/-1
FlhG	NZ_RJVL01000006.1	39.035	228	133	2	85	308	116330	117007	3.13e-32	134	58.33	0/2
FlhG	NZ_CP047650.1	38.158	228	135	2	85	308	5187532	5186855	3.23e-32	134	58.33	0/-2
FlhG	NZ_CP016278.1	39.035	228	133	2	85	308	1349733	1350410	3.35e-32	134	58.33	0/3
FlhG	NZ_CP016278.1	38.596	228	134	2	85	308	1352898	1353575	1.55e-31	132	57.89	0/3
FlhG	NZ_QUSW01000002.1	39.035	228	133	2	85	308	569650	568973	3.82e-32	134	58.77	0/-3
FlhG	NZ_KB891316.1	40.541	259	147	3	62	315	152685	153455	4.16e-32	133	59.85	0/3
FlhG	NZ_SGWV01000011.1	39.091	220	128	2	93	308	123625	122972	4.44e-32	133	59.55	0/-2
FlhG	NZ_PDEA01000001.1	37.179	234	141	2	85	314	2713420	2712725	4.71e-32	133	58.12	0/-3
FlhG	NZ_QLTA01000017.1	38.596	228	134	2	85	308	70771	71448	4.75e-32	133	58.77	0/1
FlhG	NZ_FPBX01000010.1	38.158	228	135	2	85	308	42618	43295	4.81e-32	133	58.33	0/3
FlhG	NZ_BMYK01000001.1	40.625	224	121	4	92	308	437862	437206	5.02e-32	133	60.71	0/-2
FlhG	NZ_FONX01000005.1	38.158	228	135	2	85	308	299460	300137	5.07e-32	133	58.33	0/3
FlhG	NZ_QPJK01000001.1	40.625	224	121	4	92	308	961599	962255	6.01e-32	133	61.16	0/3
FlhG	NZ_AFBG01000006.1	38.158	228	135	2	85	308	208506	209183	6.23e-32	133	58.77	0/3
FlhG	NZ_VJWE01000012.1	38.596	228	134	2	85	308	86090	85413	7.68e-32	132	58.33	0/-3
FlhG	NZ_SNXW01000001.1	38.158	228	135	2	85	308	816565	815888	7.98e-32	132	57.89	0/-3
FlhG	NZ_QXJC01000001.1	38.158	228	135	2	85	308	15718	15041	1.13e-31	132	58.33	0/-3
FlhG	NZ_JBOK01000010.1	38.136	236	139	3	85	315	106817	107518	1.40e-31	132	57.20	0/2
FlhG	NZ_FNJL01000003.1	39.474	228	132	2	85	308	10431	11108	1.97e-31	131	57.89	0/3
FlhG	NC_008752.1	39.474	228	132	2	85	308	3334520	3335197	1.98e-31	131	57.89	0/2
FlhG	NZ_BBYR01000065.1	37.872	235	133	2	85	308	69692	68994	2.92e-31	131	57.45	0/-2
FlhG	NZ_RCHJ01000005.1	40.948	232	126	3	85	308	95618	96304	3.48e-31	130	59.05	0/2
FlhG	NZ_BBJZ01000021.1	37.719	228	136	2	85	308	110090	110767	3.56e-31	130	58.77	0/2
FlhG	NZ_CP024645.1	40.693	231	128	2	85	308	4842978	4842292	3.76e-31	130	57.14	0/-1
FlhG	NZ_VMYE01000007.1	39.474	228	132	2	85	308	94851	94174	3.95e-31	130	59.21	0/-2
FlhG	NZ_NOIG01000010.1	38.596	228	134	2	85	308	326038	325361	4.04e-31	130	58.33	0/-2
FlhG	NZ_QJTC01000001.1	39.091	220	128	2	93	308	293367	292714	4.20e-31	130	59.55	0/-3
FlhG	NZ_BBVD01000026.1	37.719	228	136	2	85	308	24510	23833	4.56e-31	130	58.77	0/-2
FlhG	NZ_FNNM01000024.1	34.959	246	156	2	85	330	26659	27384	4.98e-31	130	57.72	0/1
FlhG	NZ_JMKU01000001.1	39.035	228	133	2	85	308	175661	176338	6.01e-31	130	57.89	0/2
FlhG	NZ_JAAOCD010000005.1	39.189	222	129	2	91	308	318026	317367	6.99e-31	130	58.56	0/-3
FlhG	NZ_JHYS01000011.1	38.596	228	134	2	85	308	24537	23860	7.36e-31	130	57.89	0/-2
FlhG	NZ_AP014569.1	40.230	261	140	3	62	308	2591538	2592314	7.41e-31	130	60.15	0/3
FlhG	NZ_VJNB01000002.1	41.129	248	140	2	65	308	336456	335719	7.53e-31	130	60.89	0/-1
FlhG	NZ_BCWP01000001.1	37.281	228	137	2	85	308	192336	191659	1.21e-30	129	57.89	0/-2
FlhG	NZ_SMAH01000006.1	41.935	248	138	2	65	308	127745	128482	1.24e-30	129	60.48	0/2
FlhG	NZ_AUCQ01000040.1	36.842	228	138	2	85	308	33337	32660	1.25e-30	129	56.14	0/-1
FlhG	NZ_FOMQ01000004.1	38.596	228	134	2	85	308	410481	409804	1.27e-30	129	58.77	0/-3
FlhG	NZ_CP060790.1	39.035	228	133	2	85	308	1184156	1184833	1.32e-30	129	57.46	0/2
FlhG	NZ_QPJU01000004.1	38.596	228	134	2	85	308	105619	104942	1.48e-30	129	58.77	0/-2
FlhG	NZ_CP027669.1	38.182	220	130	2	93	308	3242508	3241855	1.78e-30	129	58.18	0/-3
FlhG	NZ_LJGO01000108.1	39.474	228	132	2	85	308	131809	131132	3.53e-30	128	57.89	0/-3
FlhG	NZ_JACCDB010000003.1	40.392	255	139	2	65	308	260158	260916	4.52e-30	127	60.39	0/1
FlhG	NZ_CP021106.3	36.404	228	141	2	85	312	2156142	2156813	4.53e-30	127	58.77	0/3
FlhG	NZ_KN046795.1	35.965	228	140	2	85	308	3736554	3737231	4.84e-30	127	58.33	0/3
FlhG	NZ_CP021359.1	37.281	228	137	2	85	308	2225091	2225768	4.93e-30	127	57.46	0/3
FlhG	NZ_CP065748.1	35.965	228	140	2	85	308	846333	845656	5.02e-30	127	58.33	0/-3
FlhG	NZ_CP017420.1	35.965	228	140	2	85	308	1364200	1364877	5.02e-30	127	58.33	0/1
FlhG	NZ_QXGR01000006.1	38.596	228	134	2	85	308	30991	30314	5.06e-30	127	57.89	0/-1
FlhG	NC_010524.1	37.727	220	131	2	93	308	748001	747348	5.68e-30	127	58.64	0/-1
FlhG	NZ_BBJX01000004.1	38.158	228	135	2	85	308	451508	452185	6.35e-30	127	58.77	0/2
FlhG	NZ_CP058952.1	36.992	246	153	1	85	330	817651	818382	6.98e-30	127	52.44	0/1
FlhG	NZ_SWAR01000050.1	39.048	210	122	2	91	296	28288	28911	8.42e-30	127	59.52	0/1
FlhG	NZ_VJNA01000027.1	41.532	248	139	2	65	308	31594	32331	9.58e-30	126	60.48	0/1
FlhG	NZ_KB905933.1	39.535	215	124	2	85	295	159038	159676	1.05e-29	126	58.60	0/2
FlhG	NZ_SNYL01000003.1	40.000	255	140	2	65	308	18584	17826	1.06e-29	126	59.61	0/-3
FlhG	NZ_AP014568.1	39.844	256	140	2	65	308	2560364	2561125	1.57e-29	126	59.77	0/2
FlhG	NZ_JTKY01000060.1	36.596	235	136	2	85	308	40128	39430	1.57e-29	126	58.30	0/-1
FlhG	NZ_VZPB01000020.1	39.524	210	121	2	91	296	29519	30142	2.22e-29	125	59.05	0/2
FlhG	NZ_VJON01000029.1	40.562	249	141	2	65	308	7886	7146	2.39e-29	125	60.64	0/-2
FlhG	NZ_FOVE01000014.1	34.553	246	159	1	85	330	33526	32795	3.04e-29	125	53.25	0/-2
FlhG	NZ_VJND01000017.1	40.726	248	141	2	65	308	39541	38804	3.95e-29	124	60.48	0/-1
FlhG	NZ_QGUB01000004.1	37.209	215	129	2	85	295	178984	179622	3.98e-29	125	60.00	0/1
FlhG	NZ_SNXE01000006.1	38.813	219	130	2	92	308	103816	103166	6.19e-29	124	58.45	0/-2
FlhG	NZ_CP013729.1	38.914	221	129	2	92	308	4313490	4312834	1.34e-28	123	56.11	0/-2
FlhG	NZ_QJJS01000006.1	37.273	220	132	2	93	308	20194	19541	1.36e-28	123	57.27	0/-2
FlhG	NZ_QXNC01000042.1	37.443	219	131	2	93	307	28298	28948	1.73e-28	123	57.99	0/2
FlhG	NZ_CP040709.1	37.555	229	136	2	85	308	1701691	1702371	2.64e-28	122	56.77	0/1
FlhG	NZ_CP035708.1	35.294	221	137	2	92	308	2938079	2938735	3.92e-28	122	54.75	0/2
FlhG	NZ_VJOL01000012.1	35.319	235	139	2	85	308	12357	11659	4.62e-28	121	57.45	0/-1
FlhG	NZ_BCYP01000006.1	38.009	221	131	2	92	308	261592	262248	5.65e-28	121	57.01	0/1
FlhG	NZ_JACHXO010000002.1	39.367	221	128	2	92	308	451169	450513	6.95e-28	121	55.66	0/-2
FlhG	NZ_CP064338.1	40.376	213	121	2	85	293	2988070	2987438	7.36e-28	121	56.81	0/-3
FlhG	NZ_POSP01000004.1	39.367	221	128	2	92	308	294023	294679	7.86e-28	121	56.11	0/2
FlhG	NZ_NWBQ01000015.1	35.000	240	138	2	85	308	6214	6927	8.46e-28	120	57.08	0/1
FlhG	NZ_PSNX01000013.1	39.252	214	124	2	86	295	37758	37123	1.80e-27	120	58.41	0/-1
FlhG	NZ_NIOF01000001.1	38.009	221	131	2	92	308	385911	385255	1.95e-27	120	55.66	0/-1
FlhG	NZ_AUCN01000019.1	35.366	246	156	2	85	330	81198	81926	2.06e-27	119	52.44	0/3
FlhG	NZ_VJOO01000010.1	35.043	234	140	2	85	308	56283	55588	2.23e-27	119	57.69	0/-3
FlhG	NZ_KB895350.1	35.417	240	153	1	91	330	93041	93754	2.30e-27	119	52.50	0/2
FlhG	NZ_FOGD01000001.1	36.818	220	133	2	93	308	281125	281778	2.66e-27	119	57.73	0/1
FlhG	NZ_QAAE01000004.1	34.553	246	157	2	85	330	148941	148216	3.06e-27	119	53.25	0/-1
FlhG	NZ_SHKM01000003.1	33.058	242	152	4	92	330	49513	48809	3.63e-27	119	56.20	0/-2
FlhG	NZ_ATZJ01000024.1	34.146	246	160	1	85	330	13533	14264	1.27e-26	117	51.22	0/3
FlhG	NZ_AEGR01000024.1	35.217	230	133	2	93	308	16128	15445	1.31e-26	117	54.78	0/-1
FlhG	NZ_SNXS01000005.1	38.942	208	121	2	92	295	187583	186966	1.43e-26	117	58.65	0/-3
FlhG	NZ_SUMF01000014.1	35.833	240	152	1	91	330	79102	79815	1.76e-26	117	51.25	0/1
FlhG	NZ_SACT01000001.1	38.288	222	131	2	91	308	1329049	1329708	3.23e-26	116	56.76	0/1
FlhG	NZ_BJCL01000012.1	37.500	208	124	2	93	296	80945	81562	3.34e-26	116	57.69	0/2
FlhG	NZ_KL543994.1	34.167	240	156	1	91	330	25101	24388	4.92e-26	115	52.08	0/-2
FlhG	NZ_KE387259.1	33.457	269	177	1	62	330	386380	387180	5.21e-26	115	51.30	0/1
FlhG	NZ_JACCFH010000001.1	36.652	221	134	3	92	308	2776459	2775803	6.47e-26	115	56.56	0/-3
FlhG	NZ_SMBU01000026.1	37.104	221	133	2	92	308	71411	70755	1.23e-25	114	56.11	0/-3
FlhG	NZ_AUCH01000020.1	30.488	246	167	2	85	330	61443	60718	1.66e-25	114	52.85	0/-2
FlhG	NZ_SACM01000001.1	37.443	219	133	2	92	308	995528	994878	2.49e-25	113	54.34	0/-2
FlhG	NZ_JACHLP010000004.1	37.104	221	133	2	92	308	329549	328893	3.32e-25	113	55.66	0/-3
FlhG	NZ_FOCP01000002.1	31.707	246	164	2	85	330	28054	27329	3.75e-25	113	52.44	0/-1
FlhG	NZ_CP012371.1	34.146	246	153	4	85	329	245213	245926	1.27e-24	111	53.25	0/2
FlhG	NZ_BMLY01000001.1	35.000	240	154	1	91	330	1219276	1219989	1.99e-24	110	50.00	0/1
FlhG	NZ_BMLX01000005.1	34.583	240	155	1	91	330	93558	94271	3.40e-24	110	50.42	0/3
FlhG	NZ_KB891327.1	30.488	246	166	3	85	330	230756	231478	6.92e-24	109	53.66	0/2
FlhG	NZ_UGHR01000004.1	32.083	240	160	2	91	330	456843	456133	9.80e-24	108	50.83	0/-2
FlhG	NZ_LAQT01000030.1	35.417	240	153	1	91	330	38617	39330	2.40e-23	107	50.42	0/1
FlhG	NZ_NISI01000001.1	37.864	206	122	2	92	293	816930	816319	2.45e-23	107	55.83	0/-1
FlhG	NZ_JACHHN010000007.1	34.583	240	155	1	91	330	93677	94390	3.29e-23	107	49.58	0/2
FlhG	NZ_FWXD01000013.1	34.167	240	156	1	91	330	50263	50976	4.46e-23	107	50.42	0/1
FlhG	NZ_FUZW01000002.1	33.478	230	140	5	85	313	2512704	2512051	6.45e-23	106	53.48	0/-3
FlhG	NZ_CYGX02000037.1	32.468	231	141	5	85	313	45481	46134	7.23e-23	106	50.65	0/1
FlhG	NZ_AUCE01000012.1	30.894	246	166	2	85	330	330317	331042	8.06e-23	106	51.22	0/2
FlhG	NZ_RBXP01000018.1	31.301	246	165	2	85	330	161037	161762	1.16e-22	105	51.22	0/3
FlhG	NZ_FOBH01000002.1	32.794	247	157	4	85	330	411021	410305	1.48e-22	105	54.25	0/-2
FlhG	NZ_CP041335.1	35.833	240	150	2	91	330	1349805	1349098	2.14e-22	105	53.33	0/-3
FlhG	NZ_CP026111.1	33.043	230	141	5	85	313	3450353	3449700	3.89e-22	104	53.04	0/-1
FlhG	NZ_JACHHY010000005.1	30.252	238	162	2	93	330	97294	96593	4.02e-22	104	51.68	0/-3
FlhG	NC_007298.1	29.675	246	169	2	85	330	815464	816189	4.73e-22	103	52.03	0/1
FlhG	NZ_CADIKK010000009.1	33.043	230	141	5	85	313	103643	102990	5.57e-22	103	51.74	0/-1
FlhG	NZ_FNCY01000012.1	29.675	246	168	3	85	330	87107	86385	7.56e-22	103	50.00	0/-1
FlhG	NZ_VOQS01000001.1	32.609	230	142	5	85	313	2664402	2665055	8.04e-22	103	51.74	0/3
FlhG	NZ_CYGY02000042.1	32.174	230	143	5	85	313	108356	107703	1.07e-21	102	51.74	0/-1
FlhG	NZ_CP015958.1	32.609	230	142	5	85	313	2236221	2236874	1.28e-21	102	52.61	0/3
FlhG	NZ_CP022579.1	30.417	240	161	4	92	330	965501	966205	2.00e-21	102	51.67	0/2
FlhG	NZ_WHNP01000014.1	32.609	230	142	5	85	313	74645	73992	2.03e-21	102	52.61	0/-2
FlhG	NZ_LODL01000021.1	30.081	246	168	2	85	330	659905	659180	2.13e-21	102	51.63	0/-3
FlhG	NZ_KI912532.1	30.488	246	167	2	85	330	188995	188270	2.27e-21	102	51.22	0/-1
FlhG	NC_010622.1	32.609	230	142	5	85	313	3316829	3316176	3.15e-21	101	51.74	0/-2
FlhG	NZ_FXAT01000003.1	34.400	250	151	5	65	313	652714	653427	3.52e-21	101	52.40	0/1
FlhG	NZ_SNVI01000001.1	33.865	251	151	5	65	313	3055848	3056561	3.52e-21	101	49.80	0/3
FlhG	NC_010681.1	34.263	251	150	5	65	313	4251165	4250452	3.52e-21	101	49.80	0/-1
FlhG	NZ_LXJZ01000101.1	34.400	250	151	5	65	313	584012	584725	3.75e-21	101	52.40	0/2
FlhG	NZ_FNYE01000025.1	33.043	230	141	5	85	313	2195	1542	4.17e-21	101	52.61	0/-2
FlhG	NZ_SSSQ01000009.1	29.675	246	169	2	85	330	91745	91020	7.79e-21	100	51.22	0/-2
FlhG	NZ_CP022989.1	33.068	251	153	5	65	313	1346283	1346996	9.68e-21	100	49.80	0/3
FlhG	NZ_AQWL01000003.1	29.268	246	169	3	85	330	110649	109927	9.84e-21	100	52.85	0/-3
FlhG	NZ_KB911048.1	31.304	230	145	5	85	313	30859	31512	1.65e-20	99.4	52.61	0/1
FlhG	NZ_CADIKI010000021.1	32.174	230	143	5	85	313	49442	50095	1.95e-20	99.4	50.43	0/2
FlhG	NC_007951.1	34.400	250	151	5	65	313	4701131	4700418	2.27e-20	99.0	52.80	0/-3
FlhG	NZ_AWZT01000003.1	31.739	230	144	5	85	313	300917	301570	2.63e-20	99.0	51.74	0/2
FlhG	NZ_ANSK01000001.1	32.174	230	143	5	85	313	122645	121992	3.35e-20	98.6	52.61	0/-2
FlhG	NZ_QLTK01000016.1	34.000	250	152	5	65	313	44306	45019	5.55e-20	97.8	51.60	0/2
FlhG	NZ_FNCJ01000001.1	31.304	230	145	5	85	313	580223	580876	7.56e-20	97.4	51.74	0/2
FlhG	NZ_CP024941.1	32.609	230	142	5	85	313	3861387	3860734	9.99e-20	97.1	50.87	0/-1
FlhG	NZ_QHKS01000009.1	31.739	230	144	6	85	313	132623	131970	1.38e-19	96.7	51.30	0/-3
FlhG	NZ_BBJF01000009.1	30.667	225	141	5	91	313	37006	36371	1.77e-19	96.3	48.89	0/-3
FlhG	NZ_CADIJZ010000016.1	33.600	250	153	5	65	313	181464	182177	2.65e-19	95.9	52.00	0/3
FlhG	NZ_CADIKB010000013.1	32.174	230	143	5	85	313	110381	109728	3.46e-19	95.5	51.30	0/-2
FlhG	NZ_JACHDF010000004.1	30.357	224	143	5	91	313	558759	559394	4.42e-19	95.1	52.23	0/3
FlhG	NZ_SSSR01000002.1	29.317	249	165	5	85	330	178073	178795	7.83e-19	94.4	51.00	0/2
FlhG	NC_007614.1	29.150	247	166	4	85	330	1504527	1505243	7.91e-19	94.4	51.82	0/3
FlhG	NZ_NBSN01000003.1	30.870	230	146	5	85	313	3778724	3778071	1.07e-18	94.0	50.00	0/-2
FlhG	NZ_PVZM01000021.1	30.870	230	146	5	85	313	82253	82906	1.17e-18	94.0	50.00	0/2
FlhG	NC_013959.1	32.794	247	160	4	85	330	570048	570773	1.25e-18	94.0	53.44	0/3
FlhG	NZ_QPER01000001.1	30.472	233	143	5	85	313	4618932	4618279	2.16e-18	93.2	49.36	0/-2
FlhG	NZ_FCOK02000011.1	32.035	231	145	4	85	315	90234	90890	3.03e-18	92.8	51.52	0/3
FlhG	NZ_FOQU01000008.1	30.000	230	148	5	85	313	189577	190230	3.21e-18	92.4	52.61	0/1
FlhG	NZ_BAXZ01000001.1	34.188	234	133	8	85	313	110267	109614	4.89e-18	92.0	50.43	0/-2
FlhG	NZ_QQOA01000016.1	32.328	232	140	6	85	313	32386	33039	6.27e-18	91.7	49.57	0/1
FlhG	NZ_BAYD01000143.1	32.035	231	146	6	85	313	12197	11532	6.87e-18	91.7	53.25	0/-1
FlhG	NZ_AFAL01000408.1	33.533	167	105	2	146	308	4386	4880	7.01e-18	91.3	55.09	0/3
FlhG	NZ_CP024934.1	33.200	250	154	5	65	313	3831189	3830476	7.50e-18	91.3	50.40	0/-1
FlhG	NZ_JAALDK010000001.1	29.515	227	141	5	91	313	6518845	6519480	8.22e-18	91.3	49.78	0/1
FlhG	NZ_FNRQ01000005.1	30.804	224	142	5	91	313	320534	321169	8.52e-18	91.3	50.00	0/2
FlhG	NZ_CP031467.1	32.937	252	152	6	65	313	1963782	1963069	9.79e-18	91.3	49.60	0/-2
FlhG	NZ_FPBH01000021.1	32.400	250	156	5	65	313	63634	64347	1.44e-17	90.5	51.20	0/1
FlhG	NZ_CADIKC010000012.1	32.400	250	156	5	65	313	123942	123229	1.45e-17	90.5	51.20	0/-1
FlhG	NZ_VOSW01000018.1	32.400	250	156	5	65	313	69624	68911	2.03e-17	90.1	51.20	0/-1
FlhG	NZ_KE386746.1	32.456	228	149	3	85	312	164490	163822	4.38e-17	89.0	47.81	0/-2
FlhG	NZ_BAYB01000023.1	33.190	232	138	7	85	313	106851	107504	4.44e-17	89.0	50.86	0/3
FlhG	NZ_CP011568.3	32.883	222	134	6	91	312	99647	100267	4.59e-17	89.0	50.00	0/2
FlhG	NZ_FNKX01000001.1	30.396	227	139	6	91	313	1670244	1670879	5.66e-17	89.0	49.78	0/3
FlhG	NZ_PVUA01000012.1	30.000	230	148	5	85	313	164859	165512	1.13e-16	87.8	52.61	0/3
FlhG	NZ_LT906435.1	40.000	140	74	5	176	313	5626858	5626463	2.08e-16	87.0	57.86	0/-1
FlhG	NZ_CP011807.3	40.714	140	73	5	176	313	5116627	5116232	3.18e-16	86.7	57.14	0/-2
FlhG	NZ_CABPRZ010000011.1	37.857	140	79	4	176	314	162720	163118	3.22e-16	86.7	57.86	0/3
FlhG	NZ_FPKR01000003.1	33.484	221	142	3	92	312	341480	340833	3.23e-16	86.7	47.51	0/-1
FlhG	NZ_AP019312.1	34.783	161	96	4	168	325	4001533	4001997	3.45e-16	86.3	53.42	0/1
FlhG	NZ_CP010897.2	40.000	140	74	5	176	313	5511581	5511186	3.64e-16	86.3	57.86	0/-1
FlhG	NZ_CP049134.1	29.565	230	149	5	85	313	3101216	3100563	4.37e-16	86.3	51.30	0/-2
FlhG	NZ_CABPSN010000009.1	40.000	140	74	5	176	313	203508	203113	4.65e-16	85.9	57.86	0/-3
FlhG	NZ_CP011253.3	40.000	140	74	5	176	313	5497583	5497188	4.75e-16	85.9	57.14	0/-3
FlhG	NZ_JACIGE010000003.1	30.081	246	167	3	85	330	59406	58684	5.01e-16	85.9	49.19	0/-2
FlhG	NZ_CABPSP010000005.1	40.000	140	74	5	176	313	202229	201834	5.01e-16	85.9	57.14	0/-2
FlhG	NZ_VJZF01000001.1	30.000	230	148	5	85	313	3051082	3051735	5.60e-16	85.9	50.87	0/1
FlhG	NZ_CABPSG010000011.1	38.571	140	76	5	176	313	125831	126226	6.57e-16	85.5	58.57	0/2
FlhG	NZ_CP010310.2	38.129	139	78	4	176	313	5751017	5750622	7.17e-16	85.5	57.55	0/-1
FlhG	NZ_CP013481.2	35.065	154	90	5	176	327	116161	116598	7.72e-16	85.5	55.19	0/1
FlhG	NZ_CP029495.1	32.919	161	99	4	168	325	2643252	2642788	7.86e-16	85.5	53.42	0/-3
FlhG	NZ_CABPRY010000020.1	38.571	140	76	5	176	313	20581	20186	7.90e-16	85.5	58.57	0/-1
FlhG	NZ_HE978634.1	31.020	245	161	4	85	327	1825945	1825229	8.45e-16	85.1	49.80	0/-3
FlhG	NC_023018.2	38.849	139	77	4	176	313	5272100	5271705	8.85e-16	85.1	57.55	0/-3
FlhG	NZ_SMOD01000009.1	29.565	230	149	5	85	313	188923	189576	9.41e-16	85.1	53.04	0/1
FlhG	NZ_CABPRU010000006.1	38.571	140	76	5	176	313	202453	202058	1.03e-15	85.1	58.57	0/-3
FlhG	NZ_FXAG01000008.1	30.736	231	153	4	85	315	126649	125978	1.14e-15	84.7	48.92	0/-2
FlhG	NZ_ACIS01000008.1	30.736	231	153	4	85	315	125398	124727	1.14e-15	84.7	48.92	0/-3
FlhG	NZ_CABPSD010000011.1	38.849	139	77	4	176	313	40197	40592	1.39e-15	84.7	57.55	0/3
FlhG	NZ_CABPSQ010000007.1	39.286	140	75	5	176	313	46483	46878	1.51e-15	84.3	57.86	0/1
FlhG	NZ_FPBO01000021.1	32.922	243	148	6	85	324	130691	129999	1.73e-15	84.3	49.38	0/-3
FlhG	NZ_CABPST010000007.1	34.416	154	92	5	176	327	42106	42546	1.78e-15	84.3	55.84	0/1
FlhG	NZ_JAFA01000005.1	28.696	230	151	5	85	313	295414	296067	1.79e-15	84.3	53.48	0/1
FlhG	NZ_CABPSF010000009.1	38.129	139	78	4	176	313	10934	11329	2.06e-15	84.0	57.55	0/2
FlhG	NZ_CP013480.3	38.129	139	78	4	176	313	6050313	6049918	2.07e-15	84.0	57.55	0/-1
FlhG	NZ_JACOFV010000001.1	26.786	224	159	2	85	308	218741	219397	2.11e-15	84.0	51.34	0/2
FlhG	NZ_CABPSB010000006.1	36.552	145	84	4	176	319	261097	260684	2.14e-15	84.0	54.48	0/-3
FlhG	NZ_LRBG01000004.1	29.018	224	146	5	91	313	105391	104756	2.44e-15	84.0	50.45	0/-2
FlhG	NZ_CABPSK010000002.1	38.129	139	78	4	176	313	194881	194486	2.72e-15	83.6	57.55	0/-1
FlhG	NZ_QJSQ01000009.1	28.696	230	151	5	85	313	99868	99215	2.87e-15	83.6	53.04	0/-2
FlhG	NZ_PNYC01000003.1	29.565	230	149	6	85	313	6107	5454	2.92e-15	83.6	51.30	0/-1
FlhG	NZ_CP017561.1	29.646	226	142	6	91	313	3007659	3008294	2.93e-15	83.6	48.67	0/3
FlhG	NZ_CABPSA010000002.1	39.286	140	75	5	176	313	217297	216902	3.06e-15	83.6	57.14	0/-3
FlhG	NZ_CABPSH010000007.1	37.857	140	77	5	176	313	40956	41351	3.14e-15	83.6	58.57	0/3
FlhG	NZ_CABPRV010000011.1	35.862	145	85	4	176	319	192040	191627	3.41e-15	83.6	54.48	0/-3
FlhG	NZ_CABPSC010000022.1	37.410	139	79	4	176	313	12811	13206	4.13e-15	83.2	57.55	0/1
FlhG	NZ_CP047385.1	33.766	154	92	5	176	327	5476617	5476180	5.55e-15	82.8	55.19	0/-3
FlhG	NZ_JWJG01000028.1	31.390	223	147	3	85	307	3462589	3461939	5.70e-15	82.8	50.22	0/-1
FlhG	NZ_QJKC01000008.1	34.568	162	99	4	168	329	22523	22987	8.33e-15	82.4	54.32	0/2
FlhG	NZ_CP041730.1	33.962	159	101	2	154	312	3940163	3939699	8.75e-15	82.0	50.94	0/-1
FlhG	NZ_BBJH01000036.1	28.696	230	151	5	85	313	10936	11589	8.85e-15	82.0	53.04	0/1
FlhG	NZ_CADIKD010000012.1	29.565	230	149	5	85	313	23340	22687	1.39e-14	81.6	50.00	0/-1
FlhG	NZ_LSTO01000001.1	32.444	225	145	4	85	308	3207038	3206382	1.43e-14	81.6	52.00	0/-3
FlhG	NZ_FMYQ01000016.1	28.696	230	151	5	85	313	98152	97499	1.77e-14	81.3	53.04	0/-3
FlhG	NZ_AXAN01000021.1	27.826	230	153	5	85	313	48605	49258	1.89e-14	81.3	52.17	0/2
FlhG	NZ_CABPSJ010000001.1	35.714	140	80	5	176	313	1213827	1214222	1.91e-14	81.3	57.86	0/3
FlhG	NC_014394.1	31.034	232	154	4	85	315	1094041	1094721	1.93e-14	81.3	51.72	0/1
FlhG	NZ_AEJF01000158.1	34.286	140	88	2	176	315	9132	9539	1.98e-14	80.9	54.29	0/3
FlhG	NZ_RBZU01000017.1	28.571	231	153	4	85	315	87934	87278	3.02e-14	80.5	48.05	0/-3
FlhG	NZ_FCOC02000002.1	32.432	148	94	3	176	323	585873	586298	3.04e-14	80.5	52.70	0/3
FlhG	NZ_PNYA01000003.1	30.631	222	141	6	93	313	62727	62098	3.96e-14	80.1	50.90	0/-2
FlhG	NZ_BMED01000005.1	27.232	224	158	2	85	308	342915	343571	5.15e-14	79.7	48.21	0/3
FlhG	NZ_QJKB01000001.1	28.125	224	152	3	85	308	96102	96746	6.47e-14	79.7	49.11	0/3
FlhG	NZ_BMWW01000001.1	31.120	241	151	6	85	322	569568	570254	7.03e-14	79.3	48.96	0/3
FlhG	NZ_SMDA01000001.1	34.459	148	91	3	168	315	193404	193829	7.08e-14	79.3	54.05	0/3
FlhG	NZ_CP017707.1	32.450	151	93	4	178	325	3909464	3909030	8.35e-14	79.3	54.97	0/-2
FlhG	NZ_LION01000008.1	34.459	148	91	3	168	315	24142	24567	9.24e-14	79.0	54.05	0/1
FlhG	NZ_WNLA01000001.1	33.480	227	136	6	85	308	30195	29551	1.06e-13	79.0	51.10	0/-2
FlhG	NZ_LROM01000056.1	31.687	243	151	6	85	324	51007	51699	1.11e-13	79.0	47.33	0/1
FlhG	NZ_VLLB01000005.1	31.687	243	151	6	85	324	451879	452571	1.14e-13	79.0	47.74	0/1
FlhG	NZ_JRYB01000001.1	31.197	234	144	4	85	315	2817212	2817871	1.35e-13	78.6	46.15	0/2
FlhG	NZ_SNWF01000005.1	30.660	212	142	2	96	307	771633	772253	1.48e-13	78.6	49.06	0/3
FlhG	NZ_JACOFU010000001.1	29.018	224	154	2	85	308	549719	550375	1.69e-13	78.2	48.66	0/2
FlhG	NZ_QEOB01000001.1	28.261	230	152	5	85	313	107727	107074	1.71e-13	78.2	51.74	0/-3
FlhG	NZ_CABPSM010000006.1	33.117	154	93	5	176	327	196757	196320	1.74e-13	78.2	53.25	0/-2
FlhG	NZ_JFHE01000005.1	29.787	235	153	4	85	319	129671	130339	1.97e-13	78.2	47.23	0/2
FlhG	NZ_WHJH01000061.1	34.132	167	103	3	154	320	27413	27892	2.05e-13	77.8	50.30	0/2
FlhG	NZ_WNWM01000002.1	32.218	239	147	6	85	320	4537230	4537910	2.05e-13	78.2	49.37	0/3
FlhG	NZ_JABXYJ010000005.1	28.634	227	149	6	85	307	132612	133265	2.20e-13	77.8	49.34	0/3
FlhG	NZ_BMYT01000001.1	29.018	224	154	2	85	308	401699	401043	2.24e-13	77.8	49.11	0/-1
FlhG	NZ_CP029343.1	30.342	234	146	4	85	315	4248625	4249284	3.00e-13	77.4	46.58	0/1
FlhG	NZ_CP035913.1	33.628	226	135	6	85	307	4480099	4480740	3.17e-13	77.4	50.88	0/1
FlhG	NZ_BMDI01000001.1	29.918	244	157	5	85	325	333448	334146	3.20e-13	77.4	46.72	0/1
FlhG	NZ_JACOFT010000002.1	25.893	224	161	2	85	308	707507	706851	3.40e-13	77.4	48.66	0/-2
FlhG	NZ_WKJL01000001.1	30.522	249	158	6	85	330	920790	921500	3.93e-13	77.0	47.79	0/3
FlhG	NZ_CP040017.1	33.628	226	135	6	85	307	3433663	3433022	4.16e-13	77.0	50.88	0/-1
FlhG	NZ_RXOE01000004.1	31.004	229	142	5	85	312	239685	239044	4.34e-13	77.0	48.47	0/-2
FlhG	NZ_WKJN01000002.1	30.864	243	153	6	85	324	315300	315992	4.93e-13	77.0	47.74	0/3
FlhG	NZ_CADIKM010000002.1	27.632	228	152	5	85	312	89506	88862	4.98e-13	76.6	46.93	0/-3
FlhG	NZ_WHJG01000014.1	33.951	162	102	2	154	315	125825	126295	5.95e-13	76.6	50.00	0/2
FlhG	NZ_CP036401.1	34.071	226	134	6	85	307	1042927	1043568	6.36e-13	76.6	50.44	0/1
FlhG	NZ_CP034464.1	27.149	221	156	2	85	305	4157001	4157648	7.90e-13	76.3	47.96	0/3
FlhG	NZ_VFAH01000008.1	30.357	224	149	4	85	307	90008	90661	9.97e-13	75.9	50.00	0/2
FlhG	NZ_CP046904.1	33.186	226	135	6	85	307	2310333	2309695	1.06e-12	75.9	50.88	0/-3
FlhG	NZ_CADFFX010000034.1	27.948	229	153	4	85	313	47683	48333	1.25e-12	75.5	48.47	0/1
FlhG	NZ_CP024608.1	33.333	162	103	2	154	315	3235258	3235728	1.42e-12	75.5	50.00	0/1
FlhG	NZ_FRCX01000001.1	30.942	223	145	4	85	307	796780	796139	1.66e-12	75.1	50.67	0/-3
FlhG	NZ_HG322949.1	31.304	230	152	3	85	314	1343998	1344669	1.67e-12	75.1	47.83	0/1
FlhG	NZ_WFLI01000046.1	30.962	239	146	6	85	314	21171	21857	1.83e-12	75.1	47.70	0/3
FlhG	NZ_PDOB01000038.1	30.901	233	151	4	85	315	25411	24737	1.97e-12	75.1	48.50	0/-2
FlhG	NZ_WNKW01000001.1	31.760	233	144	5	85	314	866971	867633	2.17e-12	74.7	48.07	0/1
FlhG	NZ_CP028324.1	30.672	238	150	6	85	319	5243080	5242403	2.23e-12	74.7	47.90	0/-3
FlhG	NZ_WWCL01000001.1	31.760	233	144	5	85	314	923898	924560	2.34e-12	74.7	48.07	0/3
FlhG	NZ_JACYXF010000008.1	29.204	226	152	3	85	307	80078	80740	2.42e-12	74.7	49.56	0/2
FlhG	NZ_RXLQ01000009.1	33.333	162	103	2	154	315	86205	85735	2.55e-12	74.7	49.38	0/-2
FlhG	NZ_KB908105.1	34.722	144	89	2	164	307	38528	38944	2.65e-12	74.7	52.78	0/2
FlhG	NZ_CP023422.1	30.544	239	147	6	85	314	5262289	5261603	2.70e-12	74.7	47.70	0/-1
FlhG	NC_005085.1	31.126	151	95	4	178	325	1067394	1066960	2.73e-12	74.7	53.64	0/-2
FlhG	NZ_FOLD01000011.1	32.692	156	100	2	164	319	43610	44062	2.76e-12	74.7	51.28	0/2
FlhG	NZ_VUYU01000001.1	32.934	167	105	3	154	320	551621	552100	2.87e-12	74.3	49.70	0/2
FlhG	NZ_AP018721.1	28.636	220	151	3	92	311	1980495	1979854	2.93e-12	74.3	48.64	0/-3
FlhG	NZ_SPVG01000091.1	30.672	238	150	6	85	319	27290	26613	3.04e-12	74.3	49.16	0/-2
FlhG	NZ_JACOFW010000019.1	28.125	224	156	2	85	308	16470	15814	3.75e-12	73.9	48.66	0/-1
FlhG	NZ_SLZQ01000001.1	32.639	144	92	2	164	307	117436	117852	3.77e-12	73.9	56.25	0/1
FlhG	NZ_ATYR01000003.1	31.092	238	147	6	85	319	336886	336215	3.97e-12	73.9	47.90	0/-3
FlhG	NZ_CP009555.1	30.435	138	92	2	176	313	1913914	1914315	4.16e-12	73.9	55.07	0/1
FlhG	NZ_JACHXD010000002.1	30.833	240	157	4	85	324	200134	199442	4.51e-12	73.9	46.25	0/-3
FlhG	NZ_BMKG01000004.1	31.513	238	148	6	85	319	7872	7195	4.67e-12	73.9	47.90	0/-2
FlhG	NZ_CP048832.1	30.544	239	147	6	85	314	5325041	5324355	4.94e-12	73.9	47.28	0/-1
FlhG	NZ_CP013450.1	33.103	145	92	3	176	319	237866	238288	6.08e-12	73.6	51.03	0/2
FlhG	NZ_BMDP01000002.1	30.702	228	144	4	85	307	676780	677436	6.36e-12	73.6	46.93	0/1
FlhG	NZ_PXWF02000122.1	30.638	235	145	4	85	313	4764	4096	6.89e-12	73.2	46.38	0/-3
FlhG	NZ_BMCG01000002.1	30.213	235	156	3	85	319	500355	499675	6.89e-12	73.2	45.96	0/-3
FlhG	NZ_LR025742.1	32.414	145	93	3	176	319	2383135	2382713	6.96e-12	73.2	51.03	0/-3
FlhG	NZ_CP013398.1	33.333	138	88	2	176	313	241595	241996	7.97e-12	73.2	51.45	0/2
FlhG	NZ_JAVA01000006.1	31.159	138	91	2	176	313	54139	54540	8.14e-12	73.2	53.62	0/1
FlhG	NZ_FZOT01000004.1	31.020	245	149	6	85	322	111059	111754	8.32e-12	73.2	45.31	0/2
FlhG	NZ_WWCS01000015.1	31.858	226	139	6	85	307	27650	27009	8.84e-12	73.2	50.00	0/-2
FlhG	NZ_PDOC01000014.1	31.169	231	153	3	85	315	2864	3538	9.75e-12	72.8	48.05	0/2
FlhG	NZ_FCNZ02000014.1	30.131	229	148	4	85	313	194969	195619	9.86e-12	72.8	49.78	0/2
FlhG	NZ_CP017755.1	27.074	229	152	3	85	313	871633	872274	1.04e-11	72.8	44.98	0/1
FlhG	NZ_JACHBX010000003.1	32.237	152	98	2	164	315	551355	550915	1.06e-11	72.8	51.32	0/-1
FlhG	NZ_CABVPX010000046.1	32.414	145	93	3	176	319	13767	14189	1.10e-11	72.8	50.34	0/3
FlhG	NZ_FCOX02000001.1	28.384	229	152	4	85	313	373320	373970	1.24e-11	72.4	48.03	0/3
FlhG	NZ_AP018358.1	32.609	138	89	2	176	313	246279	246680	1.36e-11	72.4	52.17	0/3
FlhG	NZ_CP013401.1	32.414	145	93	3	176	319	227994	228416	1.37e-11	72.4	51.03	0/3
FlhG	NC_007651.1	30.435	138	92	2	176	313	3611828	3611427	1.68e-11	72.0	53.62	0/-1
FlhG	NZ_FOTW01000006.1	30.864	243	153	6	85	324	142379	141687	1.82e-11	72.0	45.68	0/-1
FlhG	NZ_CADERN010000006.1	32.414	145	93	3	176	319	65838	65416	1.85e-11	72.0	49.66	0/-2
FlhG	NZ_OGTP01000003.1	27.948	229	153	4	85	313	228201	227551	1.90e-11	72.0	47.16	0/-2
FlhG	NZ_CP009727.1	30.435	138	92	2	176	313	430027	430428	2.01e-11	72.0	53.62	0/1
FlhG	NZ_CP008781.1	30.435	138	92	2	176	313	1903828	1904229	2.01e-11	72.0	53.62	0/1
FlhG	NZ_FCOE02000004.1	28.384	229	152	4	85	313	117462	116812	2.56e-11	71.6	48.03	0/-1
FlhG	NZ_AWZT01000074.1	26.724	232	145	5	92	313	6584	7234	3.39e-11	71.2	46.12	0/2
FlhG	NZ_PUIP01000011.1	38.393	112	64	2	196	307	125901	126221	3.63e-11	71.2	58.93	0/3
FlhG	NZ_FCOJ02000008.1	27.511	229	154	4	85	313	144342	144992	3.80e-11	70.9	48.47	0/3
FlhG	NZ_BMYU01000009.1	26.267	217	155	2	85	301	38099	37464	3.97e-11	70.9	47.47	0/-2
FlhG	NZ_VMDW02000112.1	30.818	159	104	3	156	314	37481	37023	4.05e-11	70.9	50.31	0/-1
FlhG	NZ_WNKY01000031.1	30.531	226	142	6	85	307	15630	14989	4.06e-11	70.9	50.44	0/-2
FlhG	NC_012969.1	29.560	159	104	4	151	308	817588	817133	4.13e-11	70.9	54.09	0/-2
FlhG	NZ_CADFDQ010000017.1	30.435	138	92	2	176	313	59597	59196	4.38e-11	70.9	52.17	0/-2
FlhG	NZ_WWCT01000004.1	31.416	226	140	6	85	307	31178	30537	4.39e-11	70.9	49.56	0/-2
FlhG	NZ_QMFZ01000045.1	31.724	145	94	3	176	319	61227	60805	4.48e-11	70.9	51.72	0/-1
FlhG	NZ_WNKX01000006.1	31.416	226	140	6	85	307	253279	253920	4.59e-11	70.9	49.12	0/1
FlhG	NZ_CP002580.1	31.081	148	98	2	166	313	214106	214537	4.99e-11	70.9	52.70	0/2
FlhG	NZ_WWCJ01000004.1	31.416	226	140	6	85	307	209035	209676	5.12e-11	70.5	48.67	0/1
FlhG	NZ_CP011503.1	32.414	145	93	3	176	319	1526665	1527087	5.51e-11	70.5	50.34	0/1
FlhG	NZ_AUDI01000012.1	30.973	226	141	6	85	307	267584	268225	6.64e-11	70.5	48.67	0/2
FlhG	NZ_CP035900.1	31.469	143	94	2	171	313	2420721	2421137	6.83e-11	70.1	53.15	0/3
FlhG	NZ_CP045235.1	31.724	145	94	3	176	319	224579	225001	6.83e-11	70.1	51.03	0/2
FlhG	NZ_FNSR01000001.1	30.800	250	160	5	65	313	415533	416246	8.70e-11	70.1	47.60	0/3
FlhG	NZ_CADEVI010000019.1	31.724	145	94	3	176	319	60265	59843	8.74e-11	70.1	49.66	0/-1
FlhG	NZ_FCOF02000001.1	27.948	229	153	4	85	313	32905	32255	9.68e-11	69.7	48.91	0/-3
FlhG	NZ_CADIKL010000004.1	29.150	247	142	6	85	313	116135	115440	9.85e-11	69.7	46.96	0/-1
FlhG	NZ_FCOI02000002.1	27.074	229	155	4	85	313	32025	31375	9.86e-11	69.7	48.91	0/-3
FlhG	NZ_CP029640.1	29.150	247	142	6	85	313	2964267	2963572	9.87e-11	69.7	46.96	0/-3
FlhG	NZ_CP009795.1	31.159	138	91	2	176	313	3086264	3085863	9.96e-11	69.7	50.72	0/-2
FlhG	NZ_CADIKG010000012.1	31.724	145	94	3	176	319	154205	154627	1.03e-10	69.7	51.03	0/2
FlhG	NZ_OCSU01000002.1	29.694	229	149	4	85	313	3320603	3319953	1.05e-10	69.7	49.34	0/-3
FlhG	NZ_FCNY02000001.1	27.074	229	155	4	85	313	703971	704621	1.18e-10	69.7	48.03	0/3
FlhG	NZ_CP013459.1	30.435	138	92	2	176	313	315102	315503	1.20e-10	69.3	51.45	0/3
FlhG	NZ_SPVF01000012.1	30.531	226	142	5	85	307	22639	21998	1.21e-10	69.3	47.35	0/-1
FlhG	NZ_LOCQ01000046.1	34.454	119	73	2	196	314	51473	51814	1.27e-10	69.3	55.46	0/2
FlhG	NZ_LOYT01000041.1	31.884	138	90	2	176	313	144167	144568	1.33e-10	69.3	50.72	0/2
FlhG	NZ_FCNX02000001.1	27.511	229	154	4	85	313	121853	121203	1.39e-10	69.3	48.47	0/-3
FlhG	NZ_FCOB02000029.1	27.511	229	154	4	85	313	12397	11747	1.39e-10	69.3	47.16	0/-3
FlhG	NZ_FCOA02000001.1	27.511	229	154	4	85	313	677734	678384	1.40e-10	69.3	46.72	0/1
FlhG	NC_012968.1	27.848	158	109	2	151	308	2029285	2029743	1.40e-10	69.3	51.90	0/1
FlhG	NC_012968.1	27.465	142	96	4	168	308	1381944	1382351	5.03e-10	67.4	57.75	0/3
FlhG	NZ_LT671418.1	31.944	144	93	2	164	307	267485	267901	1.52e-10	69.3	53.47	0/2
FlhG	NZ_CP019038.1	37.838	111	64	2	197	307	2639204	2638887	1.56e-10	69.3	57.66	0/-3
FlhG	NZ_RQXU01000001.1	32.353	136	88	2	177	312	584676	585071	1.61e-10	68.9	51.47	0/3
FlhG	NZ_CP047241.1	34.395	157	97	3	168	324	3499498	3499950	1.75e-10	68.9	52.23	0/1
FlhG	NZ_MKCS01000001.1	32.298	161	100	4	168	325	2329321	2328857	1.81e-10	68.9	52.17	0/-3
FlhG	NZ_CP009832.1	29.655	145	97	3	176	319	332435	332857	2.02e-10	68.9	51.03	0/2
FlhG	NZ_LOWA01000025.1	30.435	138	92	2	176	313	34290	34691	2.34e-10	68.6	52.17	0/3
FlhG	NZ_CP043473.1	32.919	161	99	4	168	325	167301	166837	2.37e-10	68.6	51.55	0/-2
FlhG	NC_014207.1	30.000	110	72	2	199	308	1919662	1919976	2.46e-10	68.6	61.82	0/1
FlhG	NZ_BMYP01000018.1	30.818	159	104	3	156	314	24081	23623	2.48e-10	68.6	50.31	0/-3
FlhG	NZ_CABVQD010000034.1	30.435	138	92	2	176	313	73397	72996	2.58e-10	68.6	51.45	0/-1
FlhG	NZ_JADOEL010000002.1	29.018	224	153	3	85	307	14307	13651	2.81e-10	68.2	47.77	0/-1
FlhG	NZ_CP020737.1	31.915	141	86	4	176	313	257116	257517	2.84e-10	68.2	51.77	0/1
FlhG	NZ_CADFFU010000002.1	27.074	229	155	4	85	313	150257	149607	3.07e-10	68.2	48.03	0/-2
FlhG	NC_012791.1	31.618	136	89	2	177	312	4388745	4389140	3.22e-10	68.2	51.47	0/3
FlhG	NZ_FCOM02000005.1	27.511	229	154	4	85	313	42001	41351	3.24e-10	68.2	48.47	0/-1
FlhG	NZ_CADFCT010000009.1	32.414	145	93	3	176	319	65751	65329	3.39e-10	68.2	50.34	0/-2
FlhG	NZ_CADEYK010000001.1	31.469	143	94	2	171	313	56246	55830	3.65e-10	68.2	51.75	0/-2
FlhG	NZ_CADFCV010000015.1	31.159	138	91	2	176	313	63979	63578	3.77e-10	67.8	50.00	0/-2
FlhG	NZ_CP013414.1	31.915	141	86	4	176	313	299983	300384	3.95e-10	67.8	51.77	0/1
FlhG	NZ_LNQV01000049.1	33.951	162	100	4	168	329	27202	27666	4.01e-10	67.8	53.70	0/1
FlhG	NZ_MKCR01000026.1	32.298	161	100	4	168	325	60055	59591	4.30e-10	67.8	52.17	0/-2
FlhG	NZ_JTDB02000002.1	28.287	251	143	6	85	313	120113	119406	4.44e-10	67.8	45.82	0/-1
FlhG	NZ_PUGF01000018.1	30.216	139	92	2	170	308	33404	33003	4.79e-10	67.8	52.52	0/-2
FlhG	NZ_RBID01000018.1	30.189	159	105	3	156	314	99297	99755	4.88e-10	67.8	50.31	0/3
FlhG	NZ_BMYW01000007.1	30.189	159	105	3	156	314	46008	45550	5.33e-10	67.4	50.31	0/-3
FlhG	NZ_LOWI01000055.1	31.159	138	91	2	176	313	42624	43025	7.80e-10	67.0	50.72	0/3
FlhG	NZ_CABVLY010000032.1	28.966	145	98	3	176	319	12626	13048	8.01e-10	67.0	51.03	0/2
FlhG	NC_021287.1	27.074	229	155	4	85	313	2853923	2853273	9.32e-10	66.6	46.72	0/-2
FlhG	NZ_LFLS01000007.1	28.188	149	102	2	160	308	178828	178397	1.13e-09	66.6	51.01	0/-2
FlhG	NZ_JYKA01000016.1	35.606	132	78	3	197	325	92955	93338	2.38e-09	65.5	56.06	0/3
FlhG	NZ_CADFGU010000003.1	28.986	138	93	3	176	312	500425	500024	2.94e-09	65.1	51.45	0/-3
FlhG	NZ_CADIKF010000090.1	28.986	138	94	2	176	313	3447	3046	7.21e-09	63.9	50.72	0/-2
FlhG	NZ_AP021881.1	28.966	145	98	2	164	308	1928348	1927929	8.33e-09	63.9	52.41	0/-1
FlhG	NZ_BGOW01000045.1	26.786	224	159	2	85	308	14384	13728	8.37e-09	63.9	45.98	0/-1
FlhG	NZ_CP040946.1	28.369	141	95	3	169	308	1248589	1248182	9.95e-09	63.5	51.06	0/-1
FlhG	NZ_CP021763.1	31.655	139	87	4	176	311	1751912	1751511	1.06e-08	63.5	50.36	0/-3
FlhG	NZ_FCON02000120.1	28.821	229	151	4	85	313	5949	6599	1.09e-08	63.5	48.03	0/3
FlhG	NZ_FCNV02000001.1	29.694	229	149	4	85	313	151537	150887	1.36e-08	63.2	48.03	0/-3
FlhG	NZ_CADIKH010000017.1	28.261	138	95	2	176	313	146854	146453	1.39e-08	63.2	50.00	0/-2
FlhG	NZ_AJHH01000332.1	30.275	109	71	2	199	307	12506	12195	1.94e-08	62.8	58.72	0/-1
FlhG	NZ_JACWNE010000003.1	31.655	139	87	4	176	311	115395	114994	2.50e-08	62.4	50.36	0/-3
FlhG	NZ_SORE01000006.1	30.769	117	77	2	197	313	207818	208156	2.59e-08	62.4	52.99	0/2
FlhG	NZ_CP012944.1	31.655	139	87	4	176	311	416536	416937	3.30e-08	62.0	48.92	0/1
FlhG	NZ_FCOL02000025.1	27.948	229	153	4	85	313	39623	38973	3.81e-08	61.6	47.60	0/-2
FlhG	NZ_CP026114.1	26.277	137	97	2	176	312	232927	233325	4.34e-08	61.6	47.45	0/1
FlhG	NZ_VIWD01000002.1	29.358	109	72	2	199	307	594919	595230	5.66e-08	61.2	58.72	0/1
FlhG	NZ_FCNW02000006.1	27.511	229	154	4	85	313	46454	47104	6.06e-08	61.2	47.60	0/2
FlhG	NZ_JACYOX010000034.1	29.371	143	90	3	168	307	54022	53618	7.38e-08	60.8	53.15	0/-1
FlhG	NZ_CP037993.1	26.316	114	79	2	199	312	2344517	2344843	9.80e-08	60.5	53.51	0/2
FlhG	NZ_CP011930.1	23.214	224	164	4	85	307	2293563	2294213	1.20e-07	60.1	43.75	0/3
FlhG	NZ_NJGV01000002.1	26.316	114	79	2	199	312	127026	127352	1.46e-07	60.1	53.51	0/3
FlhG	NZ_LFLU01000001.1	30.275	109	71	2	199	307	536088	536399	2.52e-07	59.3	55.96	0/3
FlhG	NZ_JAAGAA010000003.1	32.716	162	100	5	168	328	235762	235301	3.03e-07	58.9	50.00	0/-2
FlhG	NZ_AP021884.1	28.188	149	102	2	159	307	1181125	1181556	4.17e-07	58.5	48.99	0/1
FlhG	NZ_CP013737.1	23.214	224	164	4	85	307	2205931	2206581	5.73e-07	58.2	47.32	0/1
FlhG	NZ_CADIKK010000014.1	25.735	136	97	2	176	311	83723	84118	5.81e-07	58.2	50.74	0/2
FlhG	NZ_CP049139.1	27.523	109	74	2	199	307	2454178	2454489	7.20e-07	57.8	55.05	0/1
FlhG	NZ_BHGL01000046.1	25.532	141	100	2	168	308	16226	16633	7.79e-07	57.8	51.77	0/2
FlhG	NZ_SMYL01000001.1	27.439	164	111	3	151	311	402657	403133	1.56e-06	56.6	45.73	0/3
FlhG	NZ_CP062804.1	26.577	222	145	4	92	313	2954226	2953615	6.89e-06	54.7	44.14	0/-3
FlhG	NC_007947.1	28.462	130	88	2	164	293	2087459	2087833	2.52e-05	52.8	48.46	0/2
FlhG	NZ_PVLQ01000031.1	25.166	151	108	2	158	308	74705	75142	2.96e-05	52.8	50.33	0/2


