# tblastn
# Iteration: 0
# Query: FlhG
# RID: 7KGSMWC3013
# Database: ref_prok_rep_genomes
# Fields: query acc.ver, subject acc.ver, % identity, alignment length, mismatches, gap opens, q. start, q. end, s. start, s. end, evalue, bit score, % positives, query/sbjct frames
# 58 hits found
FlhG	NZ_AP019551.1	30.093	216	146	3	85	300	135847	136479	4.37e-19	90.1	48.15	0/1
FlhG	NZ_AP019551.1	26.471	204	136	6	85	284	726264	726845	2.11e-05	47.8	45.59	0/3
FlhG	NC_011978.1	29.258	229	159	2	85	313	1638725	1639402	2.70e-17	84.7	50.22	0/2
FlhG	NC_011978.1	26.263	198	132	5	85	278	809928	810491	1.59e-06	51.6	46.97	0/3
FlhG	NZ_JQJI01000030.1	29.187	209	140	3	86	292	21587	22195	4.74e-17	84.0	51.20	0/2
FlhG	NC_013642.1	28.326	233	160	4	85	315	21015	21698	5.88e-17	84.0	52.36	0/3
FlhG	NC_013642.1	25.758	198	133	5	85	278	645844	646407	1.66e-06	51.6	47.98	0/1
FlhG	NC_009486.1	28.326	233	160	4	85	315	21305	21988	5.88e-17	84.0	52.36	0/2
FlhG	NC_009486.1	25.758	198	133	5	85	278	949565	949002	1.66e-06	51.6	47.98	0/-2
FlhG	NC_023151.1	28.755	233	159	4	85	315	21012	21695	7.80e-17	83.6	52.79	0/3
FlhG	NC_023151.1	25.758	198	133	5	85	278	953580	953017	1.66e-06	51.6	47.98	0/-3
FlhG	NZ_LWAF01000003.1	26.122	245	171	6	85	325	141657	140941	3.69e-16	81.3	51.02	0/-1
FlhG	NC_022795.1	26.106	226	160	4	85	308	1717970	1717308	1.03e-15	80.1	50.88	0/-1
FlhG	NC_022795.1	27.751	209	137	5	85	289	330779	331375	7.04e-07	52.8	46.89	0/2
FlhG	NC_017095.1	27.869	183	127	3	85	265	188404	188943	1.90e-15	79.3	53.55	0/1
FlhG	NZ_AP014510.1	25.561	223	159	4	85	305	1643717	1644370	3.25e-15	78.6	49.78	0/2
FlhG	NZ_AP014510.1	25.641	234	159	6	85	314	297410	296742	1.10e-06	52.0	45.30	0/-2
FlhG	NZ_AP014509.1	24.797	246	173	5	85	328	834419	833712	3.76e-15	78.2	49.59	0/-3
FlhG	NZ_AP014509.1	26.316	209	140	5	85	289	315846	315250	1.78e-06	51.2	47.37	0/-2
FlhG	NC_015707.1	24.481	241	173	4	85	324	704200	704898	5.12e-15	77.8	47.72	0/1
FlhG	NC_015707.1	26.794	209	139	5	85	289	272690	272094	6.41e-06	49.7	45.93	0/-2
FlhG	NZ_AZRL01000005.1	26.866	201	143	2	85	285	11163	11753	1.01e-14	77.0	49.25	0/3
FlhG	NZ_JAHC01000027.1	26.368	201	144	2	85	285	11084	11674	1.05e-14	77.0	49.25	0/2
FlhG	NC_009828.1	24.664	223	161	4	85	305	635285	634632	4.03e-14	75.1	49.78	0/-1
FlhG	NC_022792.1	24.664	223	161	4	85	305	628448	627795	4.03e-14	75.1	49.78	0/-1
FlhG	NZ_CP014334.1	29.508	183	124	3	85	265	219967	220506	4.96e-14	75.1	52.46	0/1
FlhG	NZ_CP026721.1	29.508	183	124	3	85	265	1948138	1948677	4.96e-14	75.1	52.46	0/1
FlhG	NZ_AP018712.1	24.876	201	147	2	85	285	1582982	1583572	1.19e-13	73.9	47.76	0/2
FlhG	NZ_AP018712.1	23.176	233	166	5	85	314	319177	318509	2.18e-08	57.4	47.64	0/-2
FlhG	NZ_FRDJ01000002.1	26.230	183	130	3	85	265	57002	57541	1.32e-13	73.6	53.55	0/2
FlhG	NZ_JALY01000177.1	25.373	201	146	2	85	285	7714	8304	1.36e-13	73.6	48.76	0/1
FlhG	NZ_QGGI01000017.1	27.536	207	144	3	85	290	23876	23271	3.03e-13	72.4	47.83	0/-3
FlhG	NZ_FMYV01000002.1	28.641	206	143	2	85	290	254126	253521	4.38e-13	72.0	45.63	0/-3
FlhG	NZ_AZRM01000065.1	25.373	201	146	2	85	285	7717	8307	5.54e-13	71.6	48.26	0/1
FlhG	NZ_JALY01000274.1	23.361	244	178	4	85	328	7	711	9.31e-13	70.9	45.08	0/1
FlhG	NC_009718.1	28.415	183	126	3	85	265	413655	414194	3.31e-12	69.3	50.27	0/3
FlhG	NZ_QHLX01000001.1	25.561	223	162	2	86	308	503820	504476	4.06e-12	68.9	45.74	0/3
FlhG	NC_016751.1	26.906	223	159	2	86	308	734915	735571	5.82e-12	68.6	45.74	0/2
FlhG	NC_016751.1	32.168	143	91	2	85	224	551779	552198	3.25e-06	50.4	49.65	0/1
FlhG	NZ_FQUI01000020.1	25.112	223	163	2	86	308	9182	8526	7.89e-12	68.2	45.29	0/-1
FlhG	NZ_LN824141.1	26.829	205	146	2	85	289	1745857	1745255	5.98e-11	65.5	44.39	0/-2
FlhG	NZ_LN824141.1	24.242	198	136	5	85	278	502823	502260	1.81e-05	48.1	48.99	0/-1
FlhG	NC_017934.1	25.600	250	167	6	85	324	374950	374228	3.27e-08	57.0	42.40	0/-2
FlhG	NZ_LS974202.1	25.200	250	168	5	85	324	1834481	1835203	6.96e-08	55.8	42.80	0/2
FlhG	NC_012785.1	27.273	209	138	5	85	289	1634454	1633858	1.25e-07	55.1	45.93	0/-2
FlhG	NZ_FQUI01000023.1	27.805	205	132	5	85	284	17139	17720	1.02e-06	52.0	46.34	0/3
FlhG	NZ_JFHK01000004.1	26.066	211	138	5	85	289	147675	148271	1.54e-06	51.6	43.60	0/3
FlhG	NZ_AZRL01000022.1	27.848	158	107	4	85	238	324619	325083	2.72e-06	50.8	51.90	0/1
FlhG	NC_010003.1	27.848	158	107	4	85	238	277630	278094	2.73e-06	50.8	51.90	0/1
FlhG	NZ_JALY01000038.1	28.671	143	96	3	85	224	3588	4007	3.69e-06	50.4	52.45	0/3
FlhG	NZ_AZRM01000005.1	28.671	143	96	3	85	224	34020	34439	3.84e-06	50.4	52.45	0/3
FlhG	NZ_QHLX01000005.1	30.769	143	93	2	85	224	256769	257188	5.81e-06	49.7	49.65	0/2
FlhG	NZ_AZRN01000033.1	28.671	143	96	3	85	224	43897	44316	7.27e-06	49.3	51.75	0/1
FlhG	NZ_JAHC01000007.1	27.972	143	97	3	85	224	27728	28147	1.87e-05	48.1	51.75	0/2
FlhG	NZ_JQJI01000001.1	28.293	205	131	7	85	284	117635	117054	1.91e-05	48.1	45.85	0/-3
FlhG	NZ_QGGI01000011.1	30.345	145	94	4	85	226	30911	30489	2.92e-05	47.4	51.03	0/-2
FlhG	NZ_FMYV01000004.1	28.671	143	96	3	85	224	207176	207595	5.68e-05	46.6	48.95	0/2
FlhG	NZ_JACHEX010000003.1	27.155	232	150	8	85	308	215787	215125	6.03e-05	46.6	40.52	0/-2


